0 0.33856499111111127 0.26883218837499995 0.5550891133333337 0.26883218837499995 0.5550891133333337 0.3047062986249999 0.33856499111111127 0.3047062986249999
0 0.18404550388888893 0.32596503062500015 0.711577001666667 0.32596503062500015 0.711577001666667 0.37069694587500035 0.18404550388888893 0.37069694587500035
0 0.13778807777777785 0.3702540556249999 0.7529134250000006 0.3702540556249999 0.7529134250000006 0.41410019037500007 0.13778807777777785 0.41410019037500007
0 0.06102043444444446 0.449088520125 0.8444440766666668 0.449088520125 0.8444440766666668 0.4716759228750002 0.06102043444444446 0.4716759228750002
0 0.07086244000000004 0.4721188131250001 0.8503492800000002 0.4721188131250001 0.8503492800000002 0.49204887437500006 0.07086244000000004 0.49204887437500006
0 0.07676764333333337 0.49470621587500013 0.8385388733333335 0.49470621587500013 0.8385388733333335 0.5164078381250001 0.07676764333333337 0.5164078381250001
0 0.06200463500000002 0.5164078381250001 0.8444440766666672 0.5164078381250001 0.8444440766666672 0.5367807896250001 0.06200463500000002 0.5367807896250001
0 0.06594143722222226 0.5327947773750001 0.8434598761111116 0.5327947773750001 0.8434598761111116 0.5562679606250003 0.06594143722222226 0.5562679606250003
0 0.0649572366666667 0.5536106191250001 0.8513334805555561 0.5536106191250001 0.8513334805555561 0.5788553633750002 0.0649572366666667 0.5788553633750002
0 0.06889403888888893 0.574869351125 0.8464124777777782 0.574869351125 0.8464124777777782 0.596128083125 0.06889403888888893 0.596128083125
0 0.06397303611111113 0.5947994123750001 0.8503492800000003 0.5947994123750001 0.8503492800000003 0.6191583761250001 0.06397303611111113 0.6191583761250001
0 0.06200463500000002 0.6151723638750002 0.8483808788888895 0.6151723638750002 0.8483808788888895 0.6399742178750001 0.06200463500000002 0.6399742178750001
0 0.06003623388888892 0.6355453153750006 0.8562544833333338 0.6355453153750006 0.8562544833333338 0.6625616206250002 0.06003623388888892 0.6625616206250002
0 0.06200463500000002 0.6532609253750025 0.8523176811111115 0.6532609253750025 0.8523176811111115 0.6860348038750003 0.06200463500000002 0.6860348038750003
0 0.06200463500000002 0.6736338768750002 0.8533018816666673 0.6736338768750002 0.8533018816666673 0.7103937676250003 0.06200463500000002 0.7103937676250003
0 0.06200463500000002 0.6948926088750003 0.8562544833333338 0.6948926088750003 0.8562544833333338 0.7320953898750003 0.06200463500000002 0.7320953898750003
0 0.06889403888888893 0.7192515726250002 0.8572386838888891 0.7192515726250002 0.8572386838888891 0.7511396706250003 0.06889403888888893 0.7511396706250003
0 0.06102043444444447 0.737852963125 0.8631438872222227 0.737852963125 0.8631438872222227 0.7737270733750001 0.06102043444444447 0.7737270733750001
0 0.043304824444444466 0.7604403658750003 0.864128087777778 0.7604403658750003 0.864128087777778 0.7989718176250001 0.043304824444444466 0.7989718176250001
0 0.05314683000000002 0.7989718176250001 0.201761113888889 0.7989718176250001 0.201761113888889 0.8264310131250001 0.05314683000000002 0.8264310131250001
