0 0.18463927777777792 0.3047256625000001 0.8979813333333337 0.3047256625000001 0.8979813333333337 0.34148996019100014 0.18463927777777792 0.34148996019100014
0 0.10492716666666672 0.33400766249999997 0.9036750555555562 0.33400766249999997 0.9036750555555562 0.35889736249999993 0.10492716666666672 0.35889736249999993
0 0.10655394444444449 0.3530409625 0.8955411666666669 0.3530409625 0.8955411666666669 0.3779306624999999 0.10655394444444449 0.3779306624999999
0 0.10411377777777782 0.37866271249999994 0.8971679444444447 0.37866271249999994 0.8971679444444447 0.39659793749999994 0.10411377777777782 0.39659793749999994
0 0.10248699999999995 0.39257166250000003 0.8963545555555552 0.39257166250000003 0.8963545555555552 0.4170953375000005 0.10248699999999995 0.4170953375000005
0 0.10411377777777782 0.41343508750000046 0.8922876111111111 0.41343508750000046 0.8922876111111111 0.43978888750000006 0.10411377777777782 0.43978888750000006
0 0.10330038888888893 0.4353965875 0.4286559444444446 0.4353965875 0.4286559444444446 0.4551619375 0.10330038888888893 0.4551619375
0 0.17487861111111117 0.4577241125000001 0.8947277777777779 0.4577241125000001 0.8947277777777779 0.48590803750000033 0.17487861111111117 0.48590803750000033
0 0.09028616666666672 0.4837118875 0.3765990555555557 0.4837118875 0.3765990555555557 0.5053073625 0.09028616666666672 0.5053073625
0 0.16105100000000008 0.5075035125 0.9044884444444448 0.5075035125 0.9044884444444448 0.5331252624999999 0.16105100000000008 0.5331252624999999
0 0.08540583333333338 0.5283669375000001 0.41564172222222245 0.5283669375000001 0.41564172222222245 0.5492303624999999 0.08540583333333338 0.5492303624999999
0 0.1512903333333334 0.5572829125 0.8841537222222225 0.5572829125 0.8841537222222225 0.5814405625 0.1512903333333334 0.5814405625
0 0.1569840555555556 0.5759501875 0.9126223333333335 0.5759501875 0.9126223333333335 0.6092584625 0.1569840555555556 0.6092584625
0 0.08540583333333338 0.6004738625000001 0.491286888888889 0.6004738625000001 0.491286888888889 0.6301218875 0.08540583333333338 0.6301218875
0 0.15210372222222218 0.625729587499999 0.9004215000000001 0.625729587499999 0.9004215000000001 0.6550115874999984 0.15210372222222218 0.6550115874999984
0 0.0756451666666667 0.6476910875 0.8011880555555558 0.6476910875 0.8011880555555558 0.6795352625000001 0.0756451666666667 0.6795352625000001
0 0.14641000000000007 0.6751429625000003 0.9061152222222224 0.6751429625000003 0.9061152222222224 0.7055230375000002 0.14641000000000007 0.7055230375000002
0 0.07401838888888893 0.6938102375000001 0.8996081111111115 0.6938102375000001 0.8996081111111115 0.7282165875000003 0.07401838888888893 0.7282165875000003
0 0.06751127777777778 0.7216281375000009 0.9044884444444449 0.7216281375000009 0.9044884444444449 0.7512761625000003 0.06751127777777778 0.7512761625000003
0 0.054497055555555576 0.7406614375000001 0.15129033333333342 0.7406614375000001 0.15129033333333342 0.7604267875000003 0.054497055555555576 0.7604267875000003
0 0.06913805555555559 0.7801921375000002 0.2838727222222223 0.7801921375000002 0.2838727222222223 0.8116702875000004 0.06913805555555559 0.8116702875000004
