0 0.49932282391212546 0.1491342172549419 0.8025764761310078 0.1491342172549419 0.8025764761310078 0.18148563058432698 0.49932282391212546 0.18148563058432698
0 0.0 0.18854412076528354 0.7895051980181225 0.18854412076528354 0.7895051980181225 0.21383704391371142 0.0 0.21383704391371142
0 0.007842766867729719 0.20795496876291483 0.7960408370745665 0.20795496876291483 0.7960408370745665 0.2344243069415026 0.007842766867729719 0.2344243069415026
0 0.0 0.22854223179070535 0.7960408370745665 0.22854223179070535 0.7960408370745665 0.2538351549391337 0.0 0.2538351549391337
0 0.0 0.2503059098486553 0.8064978595648727 0.2503059098486553 0.8064978595648727 0.2738342104518445 0.0 0.2738342104518445
0 5.828670879282072e-17 0.2697167578462863 0.8182620098664674 0.2697167578462863 0.8182620098664674 0.2914804359042363 5.828670879282072e-17 0.2914804359042363
0 0.0 0.2885393983288376 0.8025764761310079 0.2885393983288376 0.8025764761310079 0.3097148688717079 0.0 0.3097148688717079
0 0.0 0.3097148688717079 0.8051907317535845 0.3097148688717079 0.8051907317535845 0.33030213189949836 0.0 0.33030213189949836
0 0.007842766867729719 0.3326549619598174 0.8091121151874494 0.3326549619598174 0.8091121151874494 0.35206580995744846 0.007842766867729719 0.35206580995744846
0 0.005228511245153146 0.3467719423217308 0.8156477542438909 0.3467719423217308 0.8156477542438909 0.37441769553047816 0.005228511245153146 0.37441769553047816
0 0.009149894679018009 0.36971203540984027 0.8104192429987376 0.36971203540984027 0.8104192429987376 0.39324033601302943 0.009149894679018009 0.39324033601302943
0 0.015685533735459438 0.38971109092255096 0.8208762654890439 0.38971109092255096 0.8208762654890439 0.4161804291011388 0.015685533735459438 0.4161804291011388
0 0.010457022490306288 0.4055926938297036 0.8195691376777555 0.4055926938297036 0.8195691376777555 0.43617948461384953 0.010457022490306288 0.43617948461384953
0 0.0013071278112882867 0.42323891928209556 0.8313332879793502 0.42323891928209556 0.8313332879793502 0.4561785401265604 0.0013071278112882867 0.4561785401265604
0 0.01568553373545939 0.44853184243052274 0.818262009866464 0.44853184243052274 0.818262009866464 0.47676580315435085 0.01568553373545939 0.47676580315435085
0 0.011764150301594578 0.47088372800355366 0.8274119045454852 0.47088372800355366 0.8274119045454852 0.5032351413329387 0.011764150301594578 0.5032351413329387
0 0.019606917169324303 0.5002941037575401 0.24051151727704473 0.5002941037575401 0.24051151727704473 0.524410611875809 0.019606917169324303 0.524410611875809
0 0.08674575474913175 0.5097467443614455 0.829432011162931 0.5097467443614455 0.829432011162931 0.5396918542200497 0.08674575474913175 0.5396918542200497
0 0.022577662194979503 0.5268582357092227 0.8353735012142409 0.5268582357092227 0.8353735012142409 0.5626854207186214 0.022577662194979503 0.5626854207186214
0 0.022577662194979496 0.5493170681031737 0.8401266932552895 0.5493170681031737 0.8401266932552895 0.5824705825894849 0.022577662194979496 0.5824705825894849
0 0.024954258215503698 0.5723106346017469 0.8377500972347658 0.5723106346017469 0.8377500972347658 0.603859946774202 0.024954258215503698 0.603859946774202
0 0.028519152246289883 0.5888873918449008 0.8413149912655513 0.5888873918449008 0.8413149912655513 0.6252493109589196 0.028519152246289883 0.6252493109589196
0 0.028519152246289883 0.6129504265527085 0.8401266932552887 0.6129504265527085 0.8401266932552887 0.6487776115621092 0.028519152246289883 0.6487776115621092
0 0.029707450256551946 0.632200854318954 0.8436915872860752 0.632200854318954 0.8436915872860752 0.6707017098514453 0.029707450256551946 0.6707017098514453
0 0.027330854236027814 0.6557291549221425 0.8460681833065998 0.6557291549221425 0.8460681833065998 0.6904868717223073 0.027330854236027814 0.6904868717223073
0 0.026142556225765726 0.6723059121652988 0.7569458325369439 0.6723059121652988 0.7569458325369439 0.7113415018024074 0.026142556225765726 0.7113415018024074
0 0.09744043684149035 0.6904868717223096 0.8484447793271237 0.6904868717223096 0.8484447793271237 0.7327308659871269 0.09744043684149035 0.7327308659871269
0 0.04159043035917275 0.711876235907025 0.8508213753476482 0.711876235907025 0.8508213753476482 0.7573286347995495 0.04159043035917275 0.7573286347995495
0 0.04753192041048313 0.7332656000917455 0.8555745673886991 0.7332656000917455 0.8555745673886991 0.7765790625658034 0.04753192041048313 0.7765790625658034
0 0.040402132348910526 0.7562591665903245 0.8603277594297443 0.7562591665903245 0.8603277594297443 0.8001073631689896 0.040402132348910526 0.8001073631689896
0 0.04872021842074523 0.7739053920427061 0.8638926534605308 0.7739053920427061 0.8638926534605308 0.8263093342952632 0.04872021842074523 0.8263093342952632
0 0.43967026379696916 0.8380734845968577 0.49789686629981095 0.8380734845968577 0.49789686629981095 0.8626712534092829 0.43967026379696916 0.8626712534092829
