0 0.4888658014218192 0.14913421725494191 0.7908123258294134 0.14913421725494191 0.7908123258294134 0.17854459300892833 0.4888658014218192 0.17854459300892833
0 0.009149894679018005 0.19324978088592154 0.7855838145842603 0.19324978088592154 0.7855838145842603 0.216189873974031 0.009149894679018005 0.216189873974031
0 0.009149894679018005 0.2126606288835527 0.7829695589616835 0.2126606288835527 0.7829695589616835 0.2332478919113432 0.009149894679018005 0.2332478919113432
0 -8.326672684688668e-18 0.2273658167605458 0.8064978595648727 0.2273658167605458 0.8064978595648727 0.25148232487881467 -8.326672684688668e-18 0.25148232487881467
0 -8.326672684688668e-18 0.2479530797883363 0.8169548820551791 0.2479530797883363 0.8169548820551791 0.2726577954216849 -8.326672684688668e-18 0.2726577954216849
0 0.0 0.2691285503312066 0.8143406264326025 0.2691285503312066 0.8143406264326025 0.2903040208740769 0.0 0.2903040208740769
0 0.0 0.29089222838915657 0.8221833933003322 0.29089222838915657 0.8221833933003322 0.31206769893202685 0.0 0.31206769893202685
0 0.0 0.30912666135662814 0.8130334986213142 0.30912666135662814 0.8130334986213142 0.329125716869339 0.0 0.329125716869339
0 0.00392138343386486 0.32677288680902 0.811726370810026 0.32677288680902 0.811726370810026 0.3532422249876078 0.00392138343386486 0.3532422249876078
0 0.0 0.35030118741220917 0.8339475436019269 0.35030118741220917 0.8339475436019269 0.37206486547015916 0.0 0.37206486547015916
0 0.009149894679018009 0.3655945828042823 0.8234905211116206 0.3655945828042823 0.8234905211116206 0.39441675104318896 0.009149894679018009 0.39441675104318896
0 0.011764150301594578 0.3867700533471524 0.8313332879793502 0.3867700533471524 0.8313332879793502 0.41206297649558077 0.011764150301594578 0.41206297649558077
0 0.006535639056441433 0.40500448631462405 0.8221833933003321 0.40500448631462405 0.8221833933003321 0.4379441071590888 0.006535639056441433 0.4379441071590888
0 0.028756811848342303 0.4273563718876537 0.8247976489229087 0.4273563718876537 0.8247976489229087 0.4597077852170388 0.028756811848342303 0.4597077852170388
0 0.006535639056441433 0.44735542740036444 0.8274119045454852 0.44735542740036444 0.8274119045454852 0.4791186332146699 0.006535639056441433 0.4791186332146699
0 0.020914044980612542 0.4679426904281545 0.8391760548470789 0.4679426904281545 0.8391760548470789 0.4979412736972212 0.020914044980612542 0.4979412736972212
0 0.02222117279190088 0.4985294812123009 0.23659013384317987 0.4985294812123009 0.23659013384317987 0.5232341968456495 0.02222117279190088 0.5232341968456495
0 0.0875775633563152 0.5020587263027793 0.8274119045454854 0.5020587263027793 0.8274119045454854 0.5402922147829616 0.0875775633563152 0.5402922147829616
0 0.02222117279190088 0.5249988193908887 0.8274119045454854 0.5249988193908887 0.8274119045454854 0.5661733454464697 0.02222117279190088 0.5661733454464697
0 0.031371067470918876 0.5479389124789982 0.8326404157906385 0.5479389124789982 0.8326404157906385 0.5879370235044197 0.031371067470918876 0.5879370235044197
0 0.02222117279190088 0.5697025905369482 0.8313332879793501 0.5697025905369482 0.8313332879793501 0.6061714564718914 0.02222117279190088 0.6061714564718914
0 0.027449684037054015 0.5885252310194994 0.8365617992245036 0.5885252310194994 0.8365617992245036 0.6255823044695223 0.027449684037054015 0.6255823044695223
0 0.03006393965963059 0.6114653241076089 0.8352546714132152 0.6114653241076089 0.8352546714132152 0.6485223975576319 0.03006393965963059 0.6485223975576319
0 0.03659957871607202 0.6320525871353994 0.8339475436019269 0.6320525871353994 0.8339475436019269 0.6702860756155817 0.03659957871607202 0.6702860756155817
0 0.04052096214993688 0.6508752276179507 0.849633077337386 0.6508752276179507 0.849633077337386 0.6891087160981331 0.04052096214993688 0.6891087160981331
0 0.032678195282207084 0.6732271131909794 0.7581341305472048 0.6732271131909794 0.7581341305472048 0.7126370167013222 0.032678195282207084 0.7126370167013222
0 0.09803458584662138 0.6873440935528918 0.8535544607712501 0.6873440935528918 0.8535544607712501 0.732047864698953 0.09803458584662138 0.732047864698953
0 0.031371067470918876 0.7114606016711628 0.8535544607712511 0.7114606016711628 0.8535544607712511 0.7591054103926208 0.031371067470918876 0.7591054103926208
0 0.043182442136974294 0.730283242153714 0.8575230685695768 0.730283242153714 0.8575230685695768 0.7808690884505707 0.043182442136974294 0.7808690884505707
0 0.04313521777251346 0.7555761653021427 0.8613972276389807 0.7555761653021427 0.8613972276389807 0.7991035214180425 0.04313521777251346 0.7991035214180425
0 0.047056601206378314 0.7726341832394545 0.8640114832615574 0.7726341832394545 0.8640114832615574 0.8291021046871087 0.047056601206378314 0.8291021046871087
0 0.4365806889702876 0.8385134249283841 0.5058584629685668 0.8385134249283841 0.5058584629685668 0.8585124804410951 0.4365806889702876 0.8585124804410951
