0 0.5953373031413014 0.20295520488473728 0.7058490180956747 0.20295520488473728 0.7058490180956747 0.2361087193710493 0.5953373031413014 0.2361087193710493
0 0.07129788061572473 0.2607064881834743 0.5632532568642252 0.2607064881834743 0.5632532568642252 0.29386000266978635 0.07129788061572473 0.29386000266978635
0 0.06892128459520057 0.3002768119252015 0.8413149912655518 0.3002768119252015 0.8413149912655518 0.32059670790068306 0.06892128459520057 0.32059670790068306
0 0.06416809255415225 0.32540931484224445 0.9031064877991796 0.32540931484224445 0.9031064877991796 0.34947234955005163 0.06416809255415225 0.34947234955005163
0 0.009506384082096628 0.3510765518639054 0.9149894679018006 0.3510765518639054 0.9149894679018006 0.37300065015324074 0.009506384082096628 0.37300065015324074
0 0.0011882980102620785 0.3740701183624766 0.46818941604325903 0.3740701183624766 0.46818941604325903 0.3965289507564298 0.0011882980102620785 0.3965289507564298
0 0.07842766867729721 0.3943900143379582 0.33272344287338196 0.3943900143379582 0.33272344287338196 0.42112671956885495 0.07842766867729721 0.42112671956885495
0 0.0831808607183455 0.42380039009194465 0.9102362758607523 0.42380039009194465 0.9102362758607523 0.4510718294274593 0.0831808607183455 0.4510718294274593
0 0.002376596020524157 0.45641917047363867 0.14497235725197355 0.45641917047363867 0.14497235725197355 0.47620433234450216 0.002376596020524157 0.47620433234450216
0 0.07842766867729721 0.48208640749529963 0.4087745155301551 0.48208640749529963 0.4087745155301551 0.503475771680017 0.07842766867729721 0.503475771680017
0 0.08199256270808343 0.5088231127261964 0.36718408517098233 0.5088231127261964 0.36718408517098233 0.5344903497478573 0.08199256270808343 0.5344903497478573
0 0.07486277464651096 0.5393029566894187 0.2222117279190087 0.5393029566894187 0.2222117279190087 0.5633659913972258 0.07486277464651096 0.5633659913972258
0 0.060603198523366014 0.5590881185602823 0.9221192559633731 0.5590881185602823 0.9221192559633731 0.5927763671512122 0.060603198523366014 0.5927763671512122
0 0.0035648940307862363 0.5922416330465944 0.5941490051310394 0.5922416330465944 0.5941490051310394 0.6141657313359298 0.0035648940307862363 0.6141657313359298
0 0.06773298658493848 0.6088183902897504 0.9387554281070422 0.6088183902897504 0.9387554281070422 0.6451803094037699 0.06773298658493848 0.6451803094037699
0 0.0035648940307862354 0.6366245637298843 0.926872448004421 0.6366245637298843 0.926872448004421 0.669778078216195 0.0035648940307862354 0.669778078216195
0 0.010694682092358708 0.66068759843769 0.9233075539736352 0.66068759843769 0.9233075539736352 0.6954453152378558 0.010694682092358708 0.6954453152378558
0 0.010694682092358708 0.6826116967270254 0.9268724480044214 0.6826116967270254 0.9268724480044214 0.7232514886779884 0.010694682092358708 0.7232514886779884
0 0.009506384082096628 0.7082789337486863 0.9304373420352077 0.7082789337486863 0.9304373420352077 0.7451755869673238 0.009506384082096628 0.7451755869673238
0 0.014259576123144945 0.7360851071888189 0.7771468987113993 0.7360851071888189 0.7771468987113993 0.7692386216751309 0.014259576123144945 0.7692386216751309
0 0.787841580803758 0.7793985696628717 0.9482618121891386 0.7793985696628717 0.9482618121891386 0.7991837315337352 0.787841580803758 0.7991837315337352
