0 0.31133407868866464 0.10616833194889094 0.6642585877365018 0.10616833194889094 0.6642585877365018 0.1313008348659339 0.31133407868866464 0.1313008348659339
0 0.059414900513103934 0.13343977128440568 0.1390308672006632 0.13343977128440568 0.1390308672006632 0.15482913546912308 0.059414900513103934 0.15482913546912308
0 0.15923193337511854 0.14948179442294374 0.8127958390192619 0.14948179442294374 0.8127958390192619 0.17301009502613288 0.15923193337511854 0.17301009502613288
0 0.14734895327249775 0.16873222218918937 0.8175490310603101 0.16873222218918937 0.8175490310603101 0.19386472510623232 0.14734895327249775 0.19386472510623232
0 0.47531920410483147 0.1890521181646709 0.8187373290705723 0.1890521181646709 0.8187373290705723 0.213115152872478 0.47531920410483147 0.213115152872478
0 0.14616065526223565 0.21311515287247804 0.8306203091731931 0.21311515287247804 0.8306203091731931 0.23557398526643133 0.14616065526223565 0.23557398526643133
0 0.13665427118013904 0.22969191011563403 0.8223022231013584 0.22969191011563403 0.8223022231013584 0.2612412222880922 0.13665427118013904 0.2612412222880922
0 0.4907670782382386 0.2510812743003515 0.8163607330500481 0.2510812743003515 0.8163607330500481 0.27621377721739443 0.4907670782382386 0.27621377721739443
0 0.13308937714935282 0.27621377721739443 0.8223022231013584 0.27621377721739443 0.8223022231013584 0.30134628013443737 0.13308937714935282 0.30134628013443737
0 0.13308937714935282 0.29546420498364007 0.8187373290705721 0.29546420498364007 0.8187373290705721 0.3248745807376265 0.13308937714935282 0.3248745807376265
0 0.15566703934433232 0.3189925055868293 0.8104192429987378 0.3189925055868293 0.8104192429987378 0.34465974260849014 0.15566703934433232 0.34465974260849014
0 0.14259576123144946 0.3430555402946364 0.8139841370295239 0.3430555402946364 0.8139841370295239 0.3633754362701179 0.14259576123144946 0.3633754362701179
0 0.1449723572519736 0.3607017657470282 0.8234905211116205 0.3607017657470282 0.8234905211116205 0.3858342686640713 0.1449723572519736 0.3858342686640713
0 0.12952448311856657 0.38048692761789193 0.831808607183455 0.38048692761789193 0.831808607183455 0.4034804941164631 0.12952448311856657 0.4034804941164631
0 0.47769580012535573 0.4056194305349349 0.8199256270808345 0.4056194305349349 0.8199256270808345 0.43021719934735986 0.47769580012535573 0.43021719934735986
0 0.05466170847205563 0.43342560397506735 0.16042023138538064 0.43342560397506735 0.16042023138538064 0.4483981589043697 0.05466170847205563 0.4483981589043697
0 0.14972554929302193 0.446259222485898 0.813984137029524 0.446259222485898 0.813984137029524 0.46925278898446926 0.14972554929302193 0.46925278898446926
0 0.15210214531354604 0.46711385256599736 0.8092309449884758 0.46711385256599736 0.8092309449884758 0.4922463554830404 0.15210214531354604 0.4922463554830404
0 0.150913847303284 0.4852948121230072 0.8234905211116206 0.4852948121230072 0.8234905211116206 0.512031517353904 0.150913847303284 0.512031517353904
0 0.1449723572519736 0.5066841763077247 0.832996905193717 0.5066841763077247 0.832996905193717 0.5323514133293855 0.1449723572519736 0.5323514133293855
0 0.47769580012535573 0.5302124769109138 0.8187373290705723 0.5302124769109138 0.8187373290705723 0.5542755116187209 0.47769580012535573 0.5542755116187209
0 0.14734895327249775 0.5494629046771594 0.8092309449884758 0.5494629046771594 0.8092309449884758 0.5740606734895843 0.14734895327249775 0.5740606734895843
0 0.150913847303284 0.5655049278156976 0.8258671171321449 0.5655049278156976 0.8258671171321449 0.5938458353604481 0.150913847303284 0.5938458353604481
0 0.14853725128275982 0.5927763671512122 0.8294320111629309 0.5927763671512122 0.8294320111629309 0.6157699336497835 0.14853725128275982 0.6157699336497835
0 0.135465973169877 0.6104225926036041 0.8044777529474272 0.6104225926036041 0.8044777529474272 0.6425066388806802 0.135465973169877 0.6425066388806802
0 0.4919553762485006 0.635555095520647 0.803289454937165 0.635555095520647 0.803289454937165 0.6638960030653974 0.4919553762485006 0.6638960030653974
0 0.7569458325369441 0.6708475464254308 0.8983532957581315 0.6708475464254308 0.8983532957581315 0.6900979741916765 0.7569458325369441 0.6900979741916765
