0 0.1751551267126304 0.3261846792939403 0.7685911530375126 0.3261846792939403 0.7685911530375126 0.38029977068127546 0.1751551267126304 0.38029977068127546
0 0.1280985255062513 0.48794174594085804 0.879697016997002 0.48794174594085804 0.879697016997002 0.5173521216948482 0.1280985255062513 0.5173521216948482
0 0.1267913976949638 0.5126464615742143 0.879697016997017 0.5126464615742143 0.879697016997017 0.5326455170869251 0.1267913976949638 0.5326455170869251
0 0.07581341305472061 0.5326455170869251 0.8823112726195936 0.5326455170869251 0.8823112726195936 0.5514681575694765 0.07581341305472061 0.5514681575694765
0 0.0679706461869909 0.5520563650845561 0.8744685057518636 0.5520563650845561 0.8744685057518636 0.5820549483536223 0.0679706461869909 0.5820549483536223
0 0.06535639056441432 0.5749964581726656 0.875775633563152 0.5749964581726656 0.875775633563152 0.5973483437456952 0.06535639056441432 0.5973483437456952
0 0.06404926275312604 0.5944073061702967 0.8692399945067106 0.5944073061702967 0.8692399945067106 0.6191120218036453 0.06404926275312604 0.6191120218036453
0 0.06404926275312604 0.6161709842282467 0.8783898891857286 0.6161709842282467 0.8783898891857286 0.6420521148917546 0.06404926275312604 0.6420521148917546
0 0.04967085682895488 0.6355818322258777 0.9019181897889177 0.6355818322258777 0.9019181897889177 0.6614629628893858 0.04967085682895488 0.6614629628893858
0 0.050977984640243175 0.6585219253139871 0.8744685057518639 0.6585219253139871 0.8744685057518639 0.6879323010679735 0.050977984640243175 0.6879323010679735
0 0.06404926275312604 0.6896969236132128 0.14116980361913495 0.6896969236132128 0.14116980361913495 0.7120488091862424 0.06404926275312604 0.7120488091862424
0 0.12940565331754036 0.6985200363394086 0.8836184004308816 0.6985200363394086 0.8836184004308816 0.7296950346386343 0.12940565331754036 0.7296950346386343
0 0.06797064618699085 0.7220483369425972 0.8888469116760338 0.7220483369425972 0.8888469116760338 0.7526351277267436 0.06797064618699085 0.7526351277267436
0 0.057513623696684606 0.7414591849402289 0.8914611672986116 0.7414591849402289 0.8914611672986116 0.7749870132997735 0.057513623696684606 0.7749870132997735
0 0.05228511245153147 0.7673403156037369 0.9006110619776294 0.7673403156037369 0.9006110619776294 0.8002799364482018 0.05228511245153147 0.8002799364482018
