0 0.13371917509479173 0.15205164264810994 0.8526394713033493 0.15205164264810994 0.8526394713033493 0.17987385811138112 0.13371917509479173 0.17987385811138112
0 0.11646508798578634 0.1753446602452672 0.8540773118957663 0.1753446602452672 0.8540773118957663 0.20316687570853842 0.11646508798578634 0.20316687570853842
0 0.1308434939099575 0.19799064957583679 0.8526394713033493 0.19799064957583679 0.8526394713033493 0.22387178023934484 0.1308434939099575 0.22387178023934484
0 0.11358940680095211 0.22063663890640633 0.8641421960426863 0.22063663890640633 0.8641421960426863 0.24845885436967755 0.11358940680095211 0.24845885436967755
0 0.11646508798578634 0.2419885717038005 0.849763790118515 0.2419885717038005 0.849763790118515 0.26916375890048405 0.11646508798578634 0.26916375890048405
0 0.12509213154028903 0.2685167306338963 0.848325949526098 0.2685167306338963 0.848325949526098 0.29310380476422904 0.12509213154028903 0.29310380476422904
0 0.11358940680095211 0.29051569169787816 0.8569529930806008 0.29051569169787816 0.8569529930806008 0.3222200767606755 0.11358940680095211 0.3222200767606755
0 0.03594601481042788 0.3241611615604386 0.11358940680095211 0.3241611615604386 0.11358940680095211 0.3506893204905344 0.03594601481042788 0.3506893204905344
0 0.12652997213270614 0.32998441595972805 0.8569529930806006 0.32998441595972805 0.8569529930806006 0.3642769140888762 0.12652997213270614 0.3642769140888762
0 0.11215156620853499 0.35651257488982374 0.8540773118957664 0.35651257488982374 0.8540773118957664 0.38756993168603343 0.11215156620853499 0.38756993168603343
0 0.1308434939099575 0.3778645076872179 0.8627043554502692 0.3778645076872179 0.8627043554502692 0.4134510623495415 0.1308434939099575 0.4134510623495415
0 0.1308434939099575 0.40180455355096284 0.8641421960426863 0.40180455355096284 0.8641421960426863 0.4341559668803479 0.1308434939099575 0.4341559668803479
0 0.1207786097630377 0.4309208255474094 0.859828674265435 0.4309208255474094 0.859828674265435 0.4626252106102068 0.1207786097630377 0.4626252106102068
0 0.1236542909478719 0.453566814877979 0.8583908336730176 0.453566814877979 0.8583908336730176 0.48462417167418875 0.1236542909478719 0.48462417167418875
0 0.11502724739336921 0.4781538890083117 0.848325949526098 0.4781538890083117 0.848325949526098 0.5033879914052322 0.11502724739336921 0.5033879914052322
0 0.11502724739336921 0.5040350196718197 0.8742070801896059 0.5040350196718197 0.8742070801896059 0.525386952469214 0.11502724739336921 0.525386952469214
0 0.11358940680095211 0.5227988394028631 0.8627043554502694 0.5227988394028631 0.8627043554502694 0.5532091679324851 0.11358940680095211 0.5532091679324851
0 0.12509213154028903 0.5441507722002573 0.8770827613744404 0.5441507722002573 0.8770827613744404 0.5739140724632916 0.12509213154028903 0.5739140724632916
0 0.1236542909478719 0.5771492137962301 0.8598286742654349 0.5771492137962301 0.8598286742654349 0.6082065705924398 0.1236542909478719 0.6082065705924398
0 0.1912327987914763 0.6146768532583168 0.785060963459745 0.6146768532583168 0.785060963459745 0.650910436187228 0.1912327987914763 0.650910436187228
0 0.1912327987914763 0.6360287860557109 0.7821852822749107 0.6360287860557109 0.7821852822749107 0.6735564255177976 0.1912327987914763 0.6735564255177976
0 0.19410847997631056 0.6593218036528683 0.7821852822749108 0.6593218036528683 0.7821852822749108 0.694908358315192 0.19410847997631056 0.694908358315192
0 0.18260575523697364 0.683908877783201 0.7893744852369963 0.683908877783201 0.7893744852369963 0.7194954324455246 0.18260575523697364 0.7194954324455246
0 0.16535166812796823 0.7065548671137704 0.7936880070142475 0.7065548671137704 0.7936880070142475 0.7382592521765677 0.16535166812796823 0.7382592521765677
0 0.1768543928673052 0.7279067999111646 0.5492551063033381 0.7279067999111646 0.5492551063033381 0.7634933545734883 0.1768543928673052 0.7634933545734883
0 0.1811679146445565 0.7557290153744358 0.5305631786019155 0.7557290153744358 0.5305631786019155 0.7880804287038209 0.1811679146445565 0.7880804287038209
0 0.8095042535308358 0.7874334004372332 0.9691045592891359 0.7874334004372332 0.9691045592891359 0.8126675028341537 0.8095042535308358 0.8126675028341537
