0 0.08066285723460016 0.1807886046789574 0.8082101969976606 0.1807886046789574 0.8082101969976606 0.21281650387504863 0.08066285723460016 0.21281650387504863
0 0.08382610653791782 0.20854611731556982 0.8066285723460016 0.20854611731556982 0.8066285723460016 0.23772709213867516 0.08382610653791782 0.23772709213867516
0 0.39066128895973024 0.22989805011296396 0.7908123258294134 0.22989805011296396 0.7908123258294134 0.2562321005630835 0.39066128895973024 0.2562321005630835
0 0.08066285723460016 0.25053825181711165 0.8050469476943428 0.25053825181711165 0.8050469476943428 0.2790074955469705 0.08066285723460016 0.2790074955469705
0 0.0885709804928943 0.27544884008073817 0.8097918216493193 0.27544884008073817 0.8097918216493193 0.30605327709033653 0.0885709804928943 0.30605327709033653
0 0.08698935584123547 0.29893596615787177 0.803465323042684 0.29893596615787177 0.803465323042684 0.32882867207422356 0.08698935584123547 0.32882867207422356
0 0.08224448188625898 0.32028789895526594 0.8082101969976604 0.32028789895526594 0.8082101969976604 0.35445099143109654 0.08224448188625898 0.35445099143109654
0 0.08540773118957665 0.34804541159187835 0.8176999449076134 0.34804541159187835 0.8176999449076134 0.37509119313524425 0.08540773118957665 0.37509119313524425
0 0.08698935584123547 0.37224426876225836 0.8161183202559547 0.37224426876225836 0.8161183202559547 0.4007135124921173 0.08698935584123547 0.4007135124921173
0 0.07749960793128251 0.39501966374614544 0.8082101969976605 0.39501966374614544 0.8082101969976605 0.4220654452895114 0.07749960793128251 0.4220654452895114
0 0.09331585444787077 0.4220654452895114 0.803465323042684 0.4220654452895114 0.803465323042684 0.4491112268328773 0.09331585444787077 0.4491112268328773
0 0.0 0.8305990928129865 0.18505008424408273 0.8305990928129865 0.18505008424408273 0.8619152609158311 0.0 0.8619152609158311
0 0.12178509817772967 0.7886069583114446 0.7892307011777547 0.7886069583114446 0.7892307011777547 0.8156527398548107 0.12178509817772967 0.8156527398548107
0 0.11862184887441202 0.47971566384247566 0.776577703964484 0.47971566384247566 0.776577703964484 0.5032027899196093 0.11862184887441202 0.5032027899196093
0 0.11387697491943552 0.5024910588263628 0.7765777039644839 0.5024910588263628 0.7765777039644839 0.5266899159967429 0.11387697491943552 0.5266899159967429
0 0.11704022422275319 0.5231312605305105 0.7892307011777547 0.5231312605305105 0.7892307011777547 0.5487535798873836 0.11704022422275319 0.5487535798873836
0 0.11704022422275319 0.5387893445819328 0.5045382638791658 0.5387893445819328 0.5045382638791658 0.5665468572185453 0.11704022422275319 0.5665468572185453
0 0.12178509817772967 0.5629882017523129 0.7670879560545311 0.5629882017523129 0.7670879560545311 0.5886105211091859 0.12178509817772967 0.5886105211091859
0 0.11704022422275319 0.5878987900159395 0.7686695807061898 0.5878987900159395 0.7686695807061898 0.6135211093728125 0.11704022422275319 0.6135211093728125
0 0.11704022422275319 0.611385916093073 0.7734144546611663 0.611385916093073 0.7734144546611663 0.6327378488904671 0.11704022422275319 0.6327378488904671
0 0.11229535026777668 0.6327378488904672 0.7639247067512133 0.6327378488904672 0.7639247067512133 0.6533780505946151 0.11229535026777668 0.6533780505946151
0 0.12020347352607082 0.6555132438743531 0.7797409532678004 0.6555132438743531 0.7797409532678004 0.6790003699514867 0.12020347352607082 0.6790003699514867
0 0.1059688516611414 0.6747299833920092 0.7702512053578486 0.6747299833920092 0.7702512053578486 0.7039109582151145 0.1059688516611414 0.7039109582151145
0 0.09331585444787077 0.6939467229096639 0.7813225779194605 0.6939467229096639 0.7813225779194605 0.7231276977327693 0.09331585444787077 0.7231276977327693
0 0.1059688516611414 0.7160103868003044 0.7702512053578486 0.7160103868003044 0.7702512053578486 0.7444796305301633 0.1059688516611414 0.7444796305301633
0 0.1059688516611414 0.7380740506909451 0.776577703964484 0.7380740506909451 0.776577703964484 0.7651198322343109 0.1059688516611414 0.7651198322343109
0 0.0948974790995296 0.7608494456748321 0.7734144546611662 0.7608494456748321 0.7734144546611662 0.7871834961249518 0.0948974790995296 0.7871834961249518
