0 0.542458041684639 0.14972242477002162 0.8587829720164043 0.14972242477002162 0.8587829720164043 0.17854459300892836 0.542458041684639 0.17854459300892836
0 0.03529245090478374 0.18501487567480543 0.8561687163938279 0.18501487567480543 0.8561687163938279 0.21677808148911074 0.03529245090478374 0.21677808148911074
0 0.04967085682895488 0.21324883639863235 0.8522473329599628 0.21324883639863235 0.8522473329599628 0.2320714768811837 0.04967085682895488 0.2320714768811837
0 0.05489936807410803 0.22736581676054587 0.83917605484708 0.22736581676054587 0.83917605484708 0.2532469474240539 0.05489936807410803 0.2532469474240539
0 0.053592240262819744 0.24971770233357557 0.8535544607712511 0.24971770233357557 0.8535544607712511 0.27677524802724307 0.053592240262819744 0.27677524802724307
0 0.04967085682895488 0.2655993052407283 0.8640114832615574 0.2655993052407283 0.8640114832615574 0.2914804359042363 0.04967085682895488 0.2914804359042363
0 0.053592240262819744 0.2867747757835985 0.8692399945067105 0.2867747757835985 0.8692399945067105 0.3167733590526647 0.053592240262819744 0.3167733590526647
0 0.04574947339508997 0.30853845384154843 0.2914895019172879 0.30853845384154843 0.2914895019172879 0.3350077920201362 0.04574947339508997 0.3350077920201362
0 0.12940565331754036 0.329125716869339 0.875775633563152 0.329125716869339 0.875775633563152 0.35265401747252817 0.12940565331754036 0.35265401747252817
0 0.05489936807410803 0.35030118741220917 0.8783898891857286 0.35030118741220917 0.8783898891857286 0.372653072985239 0.05489936807410803 0.372653072985239
0 0.06012787931926118 0.3650063752892024 0.8653186110728458 0.3650063752892024 0.8653186110728458 0.398534203648747 0.06012787931926118 0.398534203648747
0 0.06274213494183775 0.3867700533471524 0.866625738884134 0.3867700533471524 0.866625738884134 0.42088608922177667 0.06274213494183775 0.42088608922177667
0 0.06666351837570261 0.40794552389002264 0.8731613779405752 0.40794552389002264 0.8731613779405752 0.439708729704328 0.06666351837570261 0.439708729704328
0 0.0692777739982792 0.42559174934241445 0.8770827613744403 0.42559174934241445 0.8770827613744403 0.4626488227924374 0.0692777739982792 0.4626488227924374
0 0.05620649588539632 0.4485318424305239 0.8744685057518636 0.4485318424305239 0.8744685057518636 0.48500070836546716 0.05620649588539632 0.48500070836546716
0 0.06404926275312588 0.4691191054583138 0.8849255282421673 0.4691191054583138 0.8849255282421673 0.50029410375754 0.06404926275312588 0.50029410375754
0 0.06535639056441413 0.48970636848610466 0.8783898891857267 0.48970636848610466 0.8783898891857267 0.5191167442400912 0.06535639056441413 0.5191167442400912
0 0.06927777399827907 0.5097054239988152 0.8836184004308802 0.5097054239988152 0.8836184004308802 0.5402922147829615 0.06927777399827907 0.5402922147829615
0 0.0679706461869909 0.5279398569662873 0.8823112726195936 0.5279398569662873 0.8823112726195936 0.5679379679917089 0.0679706461869909 0.5679379679917089
0 0.07189202962085575 0.5491153275091576 0.8953825507324763 0.5491153275091576 0.8953825507324763 0.5891134385345792 0.07189202962085575 0.5891134385345792
0 0.05359224026281969 0.5849959859290205 0.26142556225765734 0.5849959859290205 0.26142556225765734 0.6114653241076082 0.05359224026281969 0.6114653241076082
0 0.13855554799655828 0.5920544761099776 0.8927682951098986 0.5920544761099776 0.8927682951098986 0.6285233420449206 0.13855554799655828 0.6285233420449206
0 0.06797064618699078 0.612641739137768 0.8966896785437637 0.612641739137768 0.8966896785437637 0.6544044727084292 0.06797064618699078 0.6544044727084292
0 0.06797064618699078 0.6296997570750797 0.8993039341663401 0.6296997570750797 0.8993039341663401 0.6773445657965385 0.06797064618699078 0.6773445657965385
0 0.07319915743214404 0.6520516426481102 0.8953825507324762 0.6520516426481102 0.8953825507324762 0.6979318288243291 0.07319915743214404 0.6979318288243291
0 0.08104192429987377 0.678520980826698 0.756827002735918 0.678520980826698 0.756827002735918 0.7179308843370398 0.08104192429987377 0.7179308843370398
0 0.1437840592417115 0.6944025837338507 0.9058395732227825 0.6944025837338507 0.9058395732227825 0.741459184940229 0.1437840592417115 0.741459184940229
0 0.07973479648858549 0.7167544693068806 0.9058395732227826 0.7167544693068806 0.9058395732227826 0.762634655483099 0.07973479648858549 0.762634655483099
0 0.0771205408660089 0.7361653173045113 0.9071467010340709 0.7361653173045113 0.9071467010340709 0.7838101260259693 0.0771205408660089 0.7838101260259693
0 0.07973479648858549 0.7573407878473816 0.9071467010340709 0.7573407878473816 0.9071467010340709 0.8061620115989991 0.07973479648858549 0.8061620115989991
0 0.07450628524343234 0.7838101260259694 0.9071467010340709 0.7838101260259694 0.9071467010340709 0.8379252174133046 0.07450628524343234 0.8379252174133046
