0 0.4760690201493069 0.8427074283925297 0.5535686280805894 0.8427074283925297 0.5535686280805894 0.8697532099358957 0.4760690201493069 0.8697532099358957
0 0.07433635862796487 0.782922016559826 0.9078525500521664 0.782922016559826 0.9078525500521664 0.8334549241803254 0.07433635862796487 0.8334549241803254
0 0.07275473397630604 0.7565879661097066 0.9094341747038253 0.7565879661097066 0.9094341747038253 0.8078326048234525 0.07275473397630604 0.8078326048234525
0 0.08224448188625899 0.7380829576852982 0.90310767609719 0.7380829576852982 0.90310767609719 0.785768940932812 0.08224448188625899 0.785768940932812
0 0.0759179832796237 0.7153075627014112 0.9078525500521664 0.7153075627014112 0.9078525500521664 0.7615700837624318 0.0759179832796237 0.7615700837624318
0 0.14550946795261208 0.693955629904017 0.9015260514455312 0.693955629904017 0.9015260514455312 0.7373712265920519 0.14550946795261208 0.7373712265920519
0 0.07275473397630604 0.681856201318827 0.7591798327962368 0.681856201318827 0.7591798327962368 0.7245600669136152 0.07275473397630604 0.7245600669136152
0 0.07749960793128251 0.656233881961954 0.8951995528388959 0.656233881961954 0.8951995528388959 0.6996494786499888 0.07749960793128251 0.6996494786499888
0 0.07908123258294134 0.6327467558848204 0.8904546788839193 0.6327467558848204 0.8904546788839193 0.6754506214796088 0.07908123258294134 0.6754506214796088
0 0.06959148467298838 0.6135300163671656 0.8920363035355783 0.6135300163671656 0.8920363035355783 0.6555221508687075 0.06959148467298838 0.6555221508687075
0 0.1360197200426591 0.5921780835697715 0.8809649309739666 0.5921780835697715 0.8809649309739666 0.6320350247915739 0.1360197200426591 0.6320350247915739
0 0.04428549024644715 0.18222097385980363 0.8651486844573782 0.18222097385980363 0.8651486844573782 0.21282541086940193 0.04428549024644715 0.21282541086940193
0 0.5424972555189775 0.15019307466371237 0.8556589365474252 0.15019307466371237 0.8556589365474252 0.17866231839357125 0.5424972555189775 0.17866231839357125
0 0.04744873954976479 0.2049963688436907 0.8509140625924486 0.2049963688436907 0.8509140625924486 0.23488907476004256 0.04744873954976479 0.23488907476004256
0 0.06642823536967073 0.22492483945459196 0.8540773118957663 0.22492483945459196 0.8540773118957663 0.25552927646419027 0.06642823536967073 0.25552927646419027
0 0.053775238156400104 0.2434298478790002 0.8667303091090371 0.2434298478790002 0.8667303091090371 0.27261082270210557 0.053775238156400104 0.27261082270210557
0 0.04586711489810597 0.26122312521016205 0.8619854351540606 0.26122312521016205 0.8619854351540606 0.2918275622197603 0.04586711489810597 0.2918275622197603
0 0.06010173676303542 0.2875571756602815 0.8778016816706489 0.2875571756602815 0.8778016816706489 0.309620839550922 0.06010173676303542 0.309620839550922
0 0.058520112111376595 0.30819737736442915 0.30525355777015356 0.30819737736442915 0.30525355777015356 0.3302610412550698 0.058520112111376595 0.3302610412550698
0 0.10913210096445904 0.3259906546955909 0.8604038105024016 0.3259906546955909 0.8604038105024016 0.3509012429592175 0.10913210096445904 0.3509012429592175
0 0.04586711489810597 0.3437839320267528 0.8635670598057192 0.3437839320267528 0.8635670598057192 0.37082971357011874 0.04586711489810597 0.37082971357011874
0 0.053775238156400104 0.3701179824768722 0.8651486844573781 0.3701179824768722 0.8651486844573781 0.39218164636751285 0.053775238156400104 0.39218164636751285
0 0.05535686280805893 0.38648779762154106 0.8857098049289429 0.38648779762154106 0.8857098049289429 0.4142453102581535 0.05535686280805893 0.4142453102581535
0 0.04270386559478832 0.40783973041893534 0.8825465556256252 0.40783973041893534 0.8825465556256252 0.4377324363352871 0.04270386559478832 0.4377324363352871
0 0.05535686280805893 0.42919166321632946 0.8730568077156722 0.42919166321632946 0.8730568077156722 0.45837263803943484 0.05535686280805893 0.45837263803943484
0 0.05219361350474128 0.44983186492047705 0.8778016816706489 0.44983186492047705 0.8778016816706489 0.4775893775570895 0.05219361350474128 0.4775893775570895
0 0.05219361350474128 0.4676251422516389 0.8809649309739663 0.4676251422516389 0.8809649309739663 0.5053468901937019 0.05219361350474128 0.5053468901937019
0 0.053775238156400104 0.48613015067604715 0.8888730542322604 0.48613015067604715 0.8888730542322604 0.5245636297113566 0.053775238156400104 0.5245636297113566
0 0.053775238156400104 0.5067703523801949 0.8778016816706489 0.5067703523801949 0.8778016816706489 0.5437803692290114 0.053775238156400104 0.5437803692290114
0 0.05693848745971776 0.5288340162708355 0.87622005701899 0.5288340162708355 0.87622005701899 0.5665557642128985 0.05693848745971776 0.5665557642128985
0 0.07433635862796487 0.5508976801614761 0.884128180277284 0.5508976801614761 0.884128180277284 0.5829255793575675 0.07433635862796487 0.5829255793575675
0 0.07275473397630602 0.5822138482643209 0.237243697748824 0.5822138482643209 0.237243697748824 0.6057009743414542 0.07275473397630602 0.6057009743414542
