0 0.7533278215850993 0.170673116160504 0.892510790931076 0.170673116160504 0.892510790931076 0.1957260506427798 0.7533278215850993 0.1957260506427798
0 0.08350978160758606 0.19337733803506643 0.8872914295806021 0.19337733803506643 0.8872914295806021 0.23330545236619354 0.08350978160758606 0.23330545236619354
0 0.09220871719170891 0.21529865570705733 0.8925107909310693 0.21529865570705733 0.8925107909310693 0.25757548264589714 0.09220871719170891 0.25757548264589714
0 0.08698935584123547 0.23878578178419135 0.8872914295806019 0.23878578178419135 0.8872914295806019 0.27793099191274734 0.08698935584123547 0.27793099191274734
0 0.09742807854218373 0.2607070994561827 0.5793491099026283 0.2607070994561827 0.5793491099026283 0.288891650748743 0.09742807854218373 0.288891650748743
0 0.16006041474787328 0.27558227930503404 0.8977301522815502 0.27558227930503404 0.8977301522815502 0.31003006421816326 0.16006041474787328 0.31003006421816326
0 0.08872914295805963 0.2998523095847382 0.8907710038142462 0.2998523095847382 0.8907710038142462 0.3303855734850112 0.08872914295805963 0.3303855734850112
0 0.08524956872441013 0.31707620204130194 0.8959903651647194 0.31707620204130194 0.8959903651647194 0.3468265617390055 0.08524956872441013 0.3468265617390055
0 0.08176999449076107 0.3389975197132945 0.915128023449794 0.3389975197132945 0.915128023449794 0.3695307836135674 0.08176999449076107 0.3695307836135674
0 0.08698935584123547 0.35857012477757266 0.8942505780479008 0.35857012477757266 0.8942505780479008 0.39223500548813073 0.08698935584123547 0.39223500548813073
0 0.09046893007488489 0.3781427298418506 0.8890312166974267 0.3781427298418506 0.8890312166974267 0.4141563231601221 0.09046893007488489 0.4141563231601221
0 0.08003020737393664 0.40084695171641305 0.8890312166974266 0.40084695171641305 0.8890312166974266 0.42824859880640226 0.08003020737393664 0.42824859880640226
0 0.08176999449076135 0.4204195567806911 0.8959903651647254 0.4204195567806911 0.8959903651647254 0.4517357248835358 0.08176999449076135 0.4517357248835358
0 0.07655063314028722 0.44077506604754013 0.730710589066378 0.44077506604754013 0.730710589066378 0.4626963837195315 0.07655063314028722 0.4626963837195315
0 0.1478819049301003 0.46191347951696043 0.9046893007488489 0.46191347951696043 0.9046893007488489 0.4877493182018073 0.1478819049301003 0.4877493182018073
0 0.08176999449076135 0.4822689887838095 0.9064290878656736 0.4822689887838095 0.9064290878656736 0.5065390190635142 0.08176999449076135 0.5065390190635142
0 0.07829042025711193 0.504973210658372 0.9081688749824983 0.504973210658372 0.9081688749824983 0.5268945283303633 0.07829042025711193 0.5268945283303633
0 0.07829042025711193 0.5214141989123655 0.9064290878656737 0.5214141989123655 0.9064290878656737 0.544118420786928 0.07829042025711193 0.544118420786928
0 0.07655063314028722 0.5449013249894991 0.9029495136320242 0.5449013249894991 0.9029495136320242 0.5715200678769171 0.07655063314028722 0.5715200678769171
0 0.06959148467298838 0.5613423132434926 0.9081688749824983 0.5613423132434926 0.9081688749824983 0.5910926729411952 0.06959148467298838 0.5910926729411952
0 0.07829042025711193 0.584046535118055 0.9064290878656737 0.584046535118055 0.9064290878656737 0.6114481822080442 0.07829042025711193 0.6114481822080442
0 0.06959148467298838 0.6012704275746197 0.8977301522815501 0.6012704275746197 0.8977301522815501 0.6341524040826068 0.06959148467298838 0.6341524040826068
0 0.07133127178981308 0.6239746494491821 0.8977301522815502 0.6239746494491821 0.8977301522815502 0.6560737217545981 0.07133127178981308 0.6560737217545981
0 0.0730710589066378 0.6466788713237446 0.9064290878656737 0.6466788713237446 0.9064290878656737 0.6779950394265893 0.0730710589066378 0.6779950394265893
0 0.08176999449076135 0.6623369553751669 0.8959903651647254 0.6623369553751669 0.8959903651647254 0.6999163570985807 0.08176999449076135 0.6999163570985807
0 0.07655063314028722 0.6842582730471582 0.9046893007488489 0.6842582730471582 0.9046893007488489 0.7163573453525742 0.07655063314028722 0.7163573453525742
0 0.07133127178981308 0.7069624949217208 0.9081688749824982 0.7069624949217208 0.9081688749824982 0.7406273756322789 0.07133127178981308 0.7406273756322789
0 0.0730710589066378 0.7281009083911409 0.9029495136320244 0.7281009083911409 0.9029495136320244 0.7664632143171259 0.0730710589066378 0.7664632143171259
0 0.07133127178981308 0.7484564176579902 0.9046893007488489 0.7484564176579902 0.9046893007488489 0.7860358193814039 0.07133127178981308 0.7860358193814039
0 0.07655063314028722 0.7711606395325526 0.9046893007488489 0.7711606395325526 0.9046893007488489 0.8079571370533951 0.07655063314028722 0.8079571370533951
0 0.0730710589066378 0.7876016277865461 0.9064290878656737 0.7876016277865461 0.9064290878656737 0.8298784547253866 0.0730710589066378 0.8298784547253866
0 0.07481084602346251 0.8118716580662507 0.9081688749824981 0.8118716580662507 0.9081688749824981 0.8494510597896644 0.07481084602346251 0.8494510597896644
0 0.46800273442584683 0.859628814423089 0.5480329417997836 0.859628814423089 0.5480329417997836 0.8862475573105071 0.46800273442584683 0.8862475573105071
