0 0.03131616810284477 0.15043327355199532 0.11482594971043084 0.15043327355199532 0.11482594971043084 0.180966537452269 0.03131616810284477 0.180966537452269
0 0.08524956872441077 0.19036138788312243 0.8664139841787053 0.19036138788312243 0.8664139841787053 0.22167755598596717 0.08524956872441077 0.22167755598596717
0 0.04175489080379303 0.213848513960256 0.8733731326460042 0.213848513960256 0.8733731326460042 0.23811854423996073 0.04175489080379303 0.23811854423996073
0 0.03305595521966948 0.23342111902453394 0.8785924939964783 0.23342111902453394 0.8785924939964783 0.26238857451966535 0.03305595521966948 0.26238857451966535
0 0.03479574233649419 0.2498621072785275 0.8768527068796536 0.2498621072785275 0.8768527068796536 0.28196117958394334 0.03479574233649419 0.28196117958394334
0 0.0365355294533189 0.2702176165453766 0.885551642463777 0.2702176165453766 0.885551642463777 0.29840216783793694 0.0365355294533189 0.29840216783793694
0 0.03305595521966948 0.2882244132045123 0.8890312166974266 0.2882244132045123 0.8890312166974266 0.3226721981176416 0.03305595521966948 0.3226721981176416
0 0.024357019635545932 0.31327734768678817 0.8838118553469524 0.31327734768678817 0.8838118553469524 0.34381061158706183 0.024357019635545932 0.34381061158706183
0 0.0365355294533189 0.3359815695613506 0.8820720682301276 0.3359815695613506 0.8820720682301276 0.36103450404362636 0.0365355294533189 0.36103450404362636
0 0.024357019635545932 0.35711998303077086 0.8803322811133031 0.35711998303077086 0.8803322811133031 0.38687034272847337 0.024357019635545932 0.38687034272847337
0 0.029576380986020064 0.3688635460693376 0.5776093227858036 0.3688635460693376 0.5776093227858036 0.39861390576704014 0.029576380986020064 0.39861390576704014
0 0.09568829142535902 0.39626519315932673 0.8785924939964783 0.39626519315932673 0.8785924939964783 0.4267984570596004 0.09568829142535902 0.4267984570596004
0 0.027836593869195358 0.4205352234390315 0.8716333455291795 0.4205352234390315 0.8716333455291795 0.4471539663264496 0.027836593869195358 0.4471539663264496
0 0.0365355294533189 0.4448052537187362 0.10612701412630729 0.4448052537187362 0.10612701412630729 0.46672657139072754 0.0365355294533189 0.46672657139072754
0 0.42450805650522916 0.8605273852840005 0.5027984767623411 0.8605273852840005 0.5027984767623411 0.8879290323739897 0.42450805650522916 0.8879290323739897
