0 0.16075632959460395 0.3961495265009875 0.8994699393983754 0.3961495265009875 0.8994699393983754 0.43231970065977565 0.16075632959460395 0.43231970065977565
0 0.15884256376609604 0.07234034831757144 0.9645379775676194 0.07234034831757144 0.9645379775676194 0.1558762267319099 0.15884256376609604 0.1558762267319099
0 0.14837420631430395 0.10420454936221628 0.9999999999999992 0.10420454936221628 0.9999999999999992 0.1808508707939286 0.14837420631430395 0.1808508707939286
0 0.1511875004520673 0.13176277729271946 0.9760205725386623 0.13176277729271946 0.9760205725386623 0.2092702933472603 0.1511875004520673 0.2092702933472603
0 0.3425640833027855 0.17137772994281802 0.8344019012291309 0.17137772994281802 0.8344019012291309 0.21960462882119922 0.3425640833027855 0.21960462882119922
0 0.16458386125161759 0.2092702933472602 0.9798481041956767 0.2092702933472602 0.9798481041956767 0.27213750081372107 0.16458386125161759 0.27213750081372107
0 0.14353243713803857 0.22993896429513785 0.9549691484250835 0.22993896429513785 0.9549691484250835 0.2971121448757399 0.14353243713803857 0.2971121448757399
0 0.14735996879505295 0.2626643599626106 0.9645379775676194 0.2626643599626106 0.9645379775676194 0.32639276205189977 0.14735996879505295 0.32639276205189977
0 0.1531012662805745 0.2953897556300834 0.958796680082098 0.2953897556300834 0.958796680082098 0.3453390437541209 0.1531012662805745 0.3453390437541209
0 0.1511875004520673 0.31778081582361745 0.9645379775676194 0.31778081582361745 0.9645379775676194 0.372036077061796 0.1511875004520673 0.372036077061796
0 0.15692879793758885 0.3470614329997773 0.9626242117391123 0.3470614329997773 0.9626242117391123 0.3961495265009865 0.15692879793758885 0.3961495265009865
0 0.20285917782176124 0.41681819744886406 0.9052112368838966 0.41681819744886406 0.9052112368838966 0.46160031783593214 0.20285917782176124 0.46160031783593214
0 0.18754905119370377 0.4435152307565392 0.897556173569868 0.4435152307565392 0.897556173569868 0.48313018340663794 0.18754905119370377 0.48313018340663794
0 0.1837215195366894 0.46935106944138616 0.9109525343694184 0.46935106944138616 0.9109525343694184 0.5089660220914848 0.1837215195366894 0.5089660220914848
0 0.17989398787967503 0.49346451888057674 0.9109525343694184 0.49346451888057674 0.9109525343694184 0.5330794715306753 0.17989398787967503 0.5330794715306753
0 0.474613925469781 0.5218839414339083 0.9071250027124039 0.5218839414339083 0.9071250027124039 0.5589153102155222 0.474613925469781 0.5589153102155222
0 0.17989398787967503 0.5503033639872399 0.9109525343694184 0.5503033639872399 0.9109525343694184 0.5856123435231975 0.17989398787967503 0.5856123435231975
0 0.16649762708012475 0.5735556188036023 0.6449390842069201 0.5735556188036023 0.6449390842069201 0.6097257929623879 0.16649762708012475 0.6097257929623879
0 0.16841139290863194 0.5976690682427928 0.9090387685409109 0.5976690682427928 0.9090387685409109 0.63297804777875 0.16841139290863194 0.63297804777875
0 0.17415269039415354 0.6243661015504679 0.9013837052268823 0.6243661015504679 0.9013837052268823 0.6605362757092536 0.17415269039415354 0.6605362757092536
0 0.17032515873713913 0.6527855241037996 0.9090387685409113 0.6527855241037996 0.9090387685409113 0.6820661412799596 0.17032515873713913 0.6820661412799596
0 0.16841139290863194 0.6777601681658182 0.9071250027124039 0.6777601681658182 0.9071250027124039 0.7061795907191498 0.16841139290863194 0.7061795907191498
0 0.158842563766096 0.7018736176050089 0.9109525343694184 0.7018736176050089 0.9109525343694184 0.7397661810094511 0.158842563766096 0.7397661810094511
0 0.4688726279842593 0.7285706509126839 0.8975561735698678 0.7285706509126839 0.8975561735698678 0.7724915766769236 0.4688726279842593 0.7724915766769236
0 0.16458386125161759 0.7578512680888437 0.8956424077413607 0.7578512680888437 0.8956424077413607 0.7897154691334882 0.16458386125161759 0.7897154691334882
0 0.15884256376609604 0.7897154691334882 0.6104912992937908 0.7897154691334882 0.6104912992937908 0.8189960863096483 0.15884256376609604 0.8189960863096483
0 0.1531012662805745 0.8078005562128812 0.9052112368838967 0.8078005562128812 0.9052112368838967 0.8379423680118694 0.1531012662805745 0.8379423680118694
0 0.0019137658285071813 0.8543050658456057 0.264099684333991 0.8543050658456057 0.264099684333991 0.8878916561359066 0.0019137658285071813 0.8878916561359066
