0 0.3601359331827149 0.2154143223653983 0.6158846393559472 0.2154143223653983 0.6158846393559472 0.26786890393766316 0.3601359331827149 0.26786890393766316
0 0.17919807303294508 0.2772637543685167 0.7968224995057169 0.2772637543685167 0.7968224995057169 0.351639653612773 0.17919807303294508 0.351639653612773
0 0.06785169755616367 0.3970480973618979 0.9133882363329725 0.3970480973618979 0.9133882363329725 0.4354104032878826 0.06785169755616367 0.4354104032878826
0 0.07481084602346219 0.4252326486544572 0.91338823633297 0.4252326486544572 0.91338823633297 0.4549830083521603 0.07481084602346219 0.4549830083521603
0 0.06611191043933894 0.452634295744447 0.9133882363329721 0.452634295744447 0.9133882363329721 0.4800359428344361 0.06611191043933894 0.4800359428344361
0 0.06785169755616367 0.47533851761900986 0.916867810566622 0.47533851761900986 0.916867810566622 0.5019572605064279 0.06785169755616367 0.5019572605064279
0 0.06959148467298838 0.5035230689115702 0.911648449216148 0.5035230689115702 0.911648449216148 0.5324905244067016 0.06959148467298838 0.5324905244067016
0 0.06785169755616367 0.5246614823809904 0.922087171917096 0.5246614823809904 0.922087171917096 0.5551947462812639 0.06785169755616367 0.5551947462812639
0 0.05741297485521542 0.5473657042555528 0.9255667461507453 0.5473657042555528 0.9255667461507453 0.5771160639532552 0.05741297485521542 0.5771160639532552
0 0.05741297485521542 0.5708528303326864 0.9203473848002712 0.5708528303326864 0.9203473848002712 0.6013860942329601 0.05741297485521542 0.6013860942329601
0 0.07133127178981297 0.5919912438021062 0.9238269590339189 0.5919912438021062 0.9238269590339189 0.6256561245126647 0.07133127178981297 0.6256561245126647
0 0.05915276197204013 0.6170441782843823 0.9273065332675704 0.6170441782843823 0.9273065332675704 0.6554064842103672 0.05915276197204013 0.6554064842103672
0 0.060892549088864836 0.6381825917538027 0.916867810566622 0.6381825917538027 0.916867810566622 0.6788936102875011 0.060892549088864836 0.6788936102875011
0 0.05219361350474128 0.6601039094257941 0.9255667461507453 0.6601039094257941 0.9255667461507453 0.7023807363646346 0.05219361350474128 0.7023807363646346
0 0.06263233620568955 0.6867226523132121 0.9238269590339206 0.6867226523132121 0.9238269590339206 0.7266507666443393 0.06263233620568955 0.7266507666443393
0 0.05219361350474128 0.7125584909980589 0.9360054688516937 0.7125584909980589 0.9360054688516937 0.7532695095317572 0.05219361350474128 0.7532695095317572
0 0.055673187738390716 0.7501378927214727 0.3844929528182608 0.7501378927214727 0.3844929528182608 0.786934390242315 0.055673187738390716 0.786934390242315
0 0.050453826387916435 0.7861514860397442 0.9342656817348666 0.7861514860397442 0.9342656817348666 0.8401718760171503 0.050453826387916435 0.8401718760171503
0 0.10264743989265787 0.8072898995091644 0.9307861075012196 0.8072898995091644 0.9307861075012196 0.8738367567277094 0.10264743989265787 0.8738367567277094
