0 0.1768319625540635 0.16322984274302021 0.28419422553331636 0.16322984274302021 0.28419422553331636 0.2030170343176845 0.1768319625540635 0.2030170343176845
0 0.41471305503750616 0.2314364568710162 0.4904981818463905 0.2314364568710162 0.4904981818463905 0.26175050759456986 0.41471305503750616 0.26175050759456986
0 0.05052341787258957 0.263645135764792 0.334717643405906 0.263645135764792 0.334717643405906 0.29490650057345674 0.05052341787258957 0.29490650057345674
0 0.11367769021332656 0.28543335972234624 0.8610032462453806 0.28543335972234624 0.8610032462453806 0.316694724531011 0.11367769021332656 0.316694724531011
0 0.03999770581579995 0.31006352593523356 0.8610032462453778 0.31006352593523356 0.8610032462453778 0.34037757665878643 0.03999770581579995 0.34037757665878643
0 0.05473370269530538 0.33374637806301005 0.3557690675194849 0.33374637806301005 0.3557690675194849 0.35458728793545335 0.05473370269530538 0.35458728793545335
0 0.14104454156097923 0.35269265976523106 0.8588981038340229 0.35269265976523106 0.8588981038340229 0.38300671048878476 0.14104454156097923 0.38300671048878476
0 0.044207990638515875 0.3754281978078964 0.8631083886567383 0.3754281978078964 0.8631083886567383 0.401952992191006 0.044207990638515875 0.401952992191006
0 0.048418275461231675 0.4000583640207839 0.7978489739046438 0.4000583640207839 0.7978489739046438 0.41805733163789394 0.048418275461231675 0.41805733163789394
0 0.12209825985875807 0.4180573316378938 0.8841598127703174 0.4180573316378938 0.8841598127703174 0.4436348119358923 0.12209825985875807 0.4436348119358923
0 0.04210284822715797 0.4351089851698929 0.8588981038340228 0.4351089851698929 0.8588981038340228 0.46352840772322446 0.04210284822715797 0.46352840772322446
0 0.13262397191554764 0.46258109363811345 0.8673186734794543 0.46258109363811345 0.8673186734794543 0.49005320210633396 0.13262397191554764 0.49005320210633396
0 0.03789256340444218 0.48152737534033446 0.8673186734794545 0.48152737534033446 0.8673186734794545 0.5061575415532219 0.03789256340444218 0.5061575415532219
0 0.044207990638515875 0.5033155992978887 0.6315427234073696 0.5033155992978887 0.6315427234073696 0.5288930795958873 0.044207990638515875 0.5288930795958873
0 0.12420340227011603 0.5269984514256651 0.8525826765999491 0.5269984514256651 0.8525826765999491 0.5506813035534415 0.12420340227011603 0.5506813035534415
0 0.05052341787258957 0.5449974190427752 0.8652135310680964 0.5449974190427752 0.8652135310680964 0.5734168415961068 0.05052341787258957 0.5734168415961068
0 0.052628560283947474 0.5677329570854405 0.33050735858319014 0.5677329570854405 0.33050735858319014 0.5876265528727727 0.052628560283947474 0.5876265528727727
0 0.11157254780196865 0.5876265528727727 0.8799495279476016 0.5876265528727727 0.8799495279476016 0.6150986613409932 0.11157254780196865 0.6150986613409932
0 0.03578742099308428 0.6103620909154379 0.44418504879651666 0.6103620909154379 0.44418504879651666 0.6340449430432142 0.03578742099308428 0.6340449430432142
0 0.14314968397233713 0.6349922571283253 0.8673186734794543 0.6349922571283253 0.8673186734794543 0.6605697374263239 0.14314968397233713 0.6605697374263239
0 0.033682278581726385 0.6548858529156576 0.7831129770251386 0.6548858529156576 0.7831129770251386 0.6842525895541002 0.033682278581726385 0.6842525895541002
0 0.1305188295041897 0.6728848205327672 0.8652135310680964 0.6728848205327672 0.8652135310680964 0.7069881275967651 0.1305188295041897 0.7069881275967651
0 0.03999770581580008 0.6937257304052108 0.8715289583021701 0.6937257304052108 0.8715289583021701 0.7297236656394307 0.03999770581580008 0.7297236656394307
0 0.02736685134765269 0.714566640277654 0.50102389390318 0.714566640277654 0.50102389390318 0.7524592036820962 0.02736685134765269 0.7524592036820962
0 0.11788797503604237 0.7354075501500972 0.8673186734794546 0.7354075501500972 0.8673186734794546 0.7723527994694281 0.11788797503604237 0.7723527994694281
0 0.023156566524936886 0.7619323445332067 0.8588981038340228 0.7619323445332067 0.8588981038340228 0.7941410234269826 0.023156566524936886 0.7941410234269826
0 0.002105142411357899 0.8064561065334263 0.22525023801529523 0.8064561065334263 0.22525023801529523 0.8339282150016467 0.002105142411357899 0.8339282150016467
