0 0.20795215179586374 0.21632355750018564 0.301827694606568 0.21632355750018564 0.301827694606568 0.24840760377726176 0.20795215179586374 0.24840760377726176
0 0.0891223507696559 0.2853042569958993 0.3053925886373542 0.2853042569958993 0.3053925886373542 0.3173883032729754 0.0891223507696559 0.3173883032729754
0 0.08318086071834548 0.31631883506373953 0.2899447145039471 0.31631883506373953 0.2899447145039471 0.34786814723619774 0.08318086071834548 0.34786814723619774
0 0.0831808607183455 0.3441250085038722 0.8852820176452487 0.3441250085038722 0.8852820176452487 0.3740701183624766 0.0831808607183455 0.3740701183624766
0 0.06892128459520057 0.37139644783938686 0.8769639315734142 0.37139644783938686 0.8769639315734142 0.4072236328487886 0.06892128459520057 0.4072236328487886
0 0.0 0.395459482547194 0.8793405275939383 0.395459482547194 0.8793405275939383 0.43128666755659567 0.0 0.43128666755659567
0 0.004753192041048314 0.41898778315038315 0.6488107136030948 0.41898778315038315 0.6488107136030948 0.44412028606742615 0.004753192041048314 0.44412028606742615
0 0.07010958260546264 0.4435855519628082 0.6618819917159781 0.4435855519628082 0.6618819917159781 0.4681833207752332 0.07010958260546264 0.4681833207752332
0 0.08555745673886966 0.47032225719370496 0.8876586136657728 0.47032225719370496 0.8876586136657728 0.49812843063383766 0.08555745673886966 0.49812843063383766
0 0.0 0.49866316473845557 0.8781522295836761 0.49866316473845557 0.8781522295836761 0.528073540492442 0.0 0.528073540492442
0 0.0 0.5173788584000832 0.166361721436691 0.5173788584000832 0.166361721436691 0.54411556363098 0.0 0.54411556363098
0 0.07842766867729717 0.544650297735598 0.8912235076965591 0.544650297735598 0.8912235076965591 0.5756648758034385 0.07842766867729717 0.5756648758034385
0 0.0 0.5724564711757306 0.1437840592417115 0.5724564711757306 0.1437840592417115 0.5975889740927735 0.0 0.5975889740927735
0 0.08199256270808342 0.5959847717789197 0.8852820176452485 0.5959847717789197 0.8852820176452485 0.625929881637524 0.08199256270808342 0.625929881637524
0 0.0 0.6200478064867269 0.3398532309349545 0.6200478064867269 0.3398532309349545 0.6521318527638028 0.0 0.6521318527638028
0 0.07248617862598682 0.6467845117176235 0.8793405275939381 0.6467845117176235 0.8793405275939381 0.6788685579946998 0.07248617862598682 0.6788685579946998
0 0.0 0.6735212169485204 0.8840937196349867 0.6735212169485204 0.8840937196349867 0.7023968585978889 0.0 0.7023968585978889
0 0.0 0.6959800493424736 0.6393043295209984 0.6959800493424736 0.6393043295209984 0.7328767025611114 0.0 0.7328767025611114
0 0.07605107265677302 0.7264598933056962 0.8793405275939381 0.7264598933056962 0.8793405275939381 0.7601481418966258 0.07605107265677302 0.7601481418966258
0 8.971075515542697e-18 0.7505229280135043 0.8864703156555109 0.7505229280135043 0.8864703156555109 0.785815378918288 8.971075515542697e-18 0.785815378918288
0 0.0 0.7831417083951971 0.8401266932552897 0.7831417083951971 0.8401266932552897 0.8125520841491837 0.0 0.8125520841491837
0 0.0 0.8178994251953629 0.23884790006267786 0.8178994251953629 0.23884790006267786 0.8542613443093826 0.0 0.8542613443093826
