0 0.6124050651222978 0.1856639626676957 0.8872914295806019 0.1856639626676957 0.8872914295806019 0.21071689714997158 0.6124050651222978 0.21071689714997158
0 0.12178509817772967 0.21932884337825384 0.8959903651647255 0.21932884337825384 0.8959903651647255 0.24829629887338528 0.12178509817772967 0.24829629887338528
0 0.12004531106090494 0.2428159694553874 0.8942505780479008 0.2428159694553874 0.8942505780479008 0.27178342495051877 0.12004531106090494 0.27178342495051877
0 0.11482594971043085 0.25925695770938084 0.8890312166974267 0.25925695770938084 0.8890312166974267 0.2882244132045123 0.11482594971043085 0.2882244132045123
0 0.11308616259360611 0.2803953711788011 0.8872914295806019 0.2803953711788011 0.8872914295806019 0.30936282667393256 0.11308616259360611 0.30936282667393256
0 0.11308616259360611 0.2984021678379368 0.8872914295806019 0.2984021678379368 0.8872914295806019 0.32736962333306824 0.11308616259360611 0.32736962333306824
0 0.11482594971043085 0.3203234855099282 0.8890312166974267 0.3203234855099282 0.8890312166974267 0.3492909410050596 0.11482594971043085 0.3492909410050596
0 0.11308616259360611 0.34067899477677727 0.8872914295806019 0.34067899477677727 0.8872914295806019 0.3696464502719086 0.11308616259360611 0.3696464502719086
0 0.12004531106090495 0.35868579143591306 0.8942505780479008 0.35868579143591306 0.8942505780479008 0.38765324693104447 0.12004531106090495 0.38765324693104447
0 0.12004531106090494 0.3751267796899065 0.8942505780479008 0.3751267796899065 0.8942505780479008 0.40409423518503784 0.12004531106090494 0.40409423518503784
0 0.11830552394408025 0.39548228895675563 0.892510790931076 0.39548228895675563 0.892510790931076 0.424449744451887 0.11830552394408025 0.424449744451887
0 0.11830552394408025 0.41583779822360467 0.892510790931076 0.41583779822360467 0.892510790931076 0.44480525371873614 0.11830552394408025 0.44480525371873614
0 0.1252646724113791 0.43697621169302503 0.8994699393983748 0.43697621169302503 0.8994699393983748 0.4659436671881565 0.1252646724113791 0.4659436671881565
0 0.12352488529455438 0.45654881675730297 0.8977301522815502 0.45654881675730297 0.8977301522815502 0.48551627225243443 0.12352488529455438 0.48551627225243443
0 0.12352488529455434 0.4776872302267232 0.8977301522815502 0.4776872302267232 0.8977301522815502 0.5066546857218547 0.12352488529455434 0.5066546857218547
0 0.12700445952820377 0.49725983529100104 0.9012097265151996 0.49725983529100104 0.9012097265151996 0.5262272907861325 0.12700445952820377 0.5262272907861325
0 0.12526467241137906 0.5183982487604214 0.8994699393983748 0.5183982487604214 0.8994699393983748 0.5473657042555529 0.12526467241137906 0.5473657042555529
0 0.12352488529455434 0.5379708538246993 0.8977301522815502 0.5379708538246993 0.8977301522815502 0.5669383093198308 0.12352488529455434 0.5669383093198308
0 0.12178509817772964 0.5583263630915485 0.8959903651647255 0.5583263630915485 0.8959903651647255 0.5872938185866798 0.12178509817772964 0.5872938185866798
0 0.12874424664502845 0.5755502555481131 0.9029495136320242 0.5755502555481131 0.9029495136320242 0.6045177110432445 0.12874424664502845 0.6045177110432445
0 0.11134637547678101 0.6037348068406717 0.9116484492161473 0.6037348068406717 0.9116484492161473 0.6327022623358031 0.11134637547678101 0.6327022623358031
0 0.111346375476781 0.6225245077023785 0.9116484492161473 0.6225245077023785 0.9116484492161473 0.6514919631975099 0.111346375476781 0.6514919631975099
0 0.10264743989265682 0.6420971127666513 0.5114974123464638 0.6420971127666513 0.5114974123464638 0.6710645682617825 0.10264743989265682 0.6710645682617825
0 0.17397871168247053 0.6624526220335032 0.915128023449795 0.6624526220335032 0.915128023449795 0.6914200775286344 0.17397871168247053 0.6914200775286344
0 0.1148259497104304 0.6867226523132104 0.9151280234497967 0.6867226523132104 0.9151280234497967 0.7156901078083417 0.1148259497104304 0.7156901078083417
0 0.111346375476781 0.7070781615800584 0.9220871719170957 0.7070781615800584 0.9220871719170957 0.7360456170751898 0.111346375476781 0.7360456170751898
0 0.09220871719170899 0.730565287657191 0.9220871719170955 0.730565287657191 0.9220871719170955 0.7595327431523222 0.09220871719170899 0.7595327431523222
0 0.0974280785421832 0.7501378927214692 0.925566746150745 0.7501378927214692 0.925566746150745 0.7791053482166005 0.0974280785421832 0.7791053482166005
0 0.09220871719170906 0.7736250187986025 0.92730653326757 0.7736250187986025 0.92730653326757 0.8025924742937337 0.09220871719170906 0.8025924742937337
0 0.09916786565900787 0.797112144875736 0.9342656817348683 0.797112144875736 0.9342656817348683 0.8260796003708673 0.09916786565900787 0.8260796003708673
0 0.4819210313604445 0.8519154390557182 0.5671706000848553 0.8519154390557182 0.5671706000848553 0.8722709483225672 0.4819210313604445 0.8722709483225672
