0 0.6037061295381743 0.1410384231211419 0.8716333455291794 0.1410384231211419 0.8716333455291794 0.16374264499570437 0.6037061295381743 0.16374264499570437
0 0.10612701412630729 0.17626911223684227 0.8698935584123546 0.17626911223684227 0.8698935584123546 0.20053914251654695 0.10612701412630729 0.20053914251654695
0 0.107866801243132 0.19427590889597798 0.8716333455291794 0.19427590889597798 0.8716333455291794 0.21854593917568266 0.107866801243132 0.21854593917568266
0 0.10612701412630729 0.21463141816282705 0.8698935584123546 0.21463141816282705 0.8698935584123546 0.23890144844253175 0.10612701412630729 0.23890144844253175
0 0.10612701412630729 0.23342111902453394 0.8698935584123546 0.23342111902453394 0.8698935584123546 0.2576911493042386 0.10612701412630729 0.2576911493042386
0 0.09916786565900751 0.2529937240888101 0.5114974123464642 0.2529937240888101 0.5114974123464642 0.2772637543685146 0.09916786565900751 0.2772637543685146
0 0.1652797760983474 0.2733492333556589 0.8751129197628243 0.2733492333556589 0.8751129197628243 0.29761926363536345 0.1652797760983474 0.29761926363536345
0 0.10786680124313199 0.2921389342173679 0.8716333455291794 0.2921389342173679 0.8716333455291794 0.31640896449707256 0.10786680124313199 0.31640896449707256
0 0.1148259497104308 0.30857992247136135 0.8785924939964781 0.30857992247136135 0.8785924939964781 0.332849952751066 0.1148259497104308 0.332849952751066
0 0.1096065883599567 0.32971833594078165 0.8733731326460041 0.32971833594078165 0.8733731326460041 0.3539883662204863 0.1096065883599567 0.3539883662204863
0 0.11308616259360611 0.3508567494102019 0.8768527068796534 0.3508567494102019 0.8768527068796534 0.37512677968990654 0.11308616259360611 0.37512677968990654
0 0.11134637547678121 0.370429354474479 0.8855516424637769 0.370429354474479 0.8855516424637769 0.3946993847541836 0.11134637547678121 0.3946993847541836
0 0.10786680124313192 0.3892190553361864 0.8820720682301276 0.3892190553361864 0.8820720682301276 0.41348908561589104 0.10786680124313192 0.41348908561589104
0 0.10438722700948237 0.4111403730081771 0.890771003814251 0.4111403730081771 0.890771003814251 0.43541040328788166 0.10438722700948237 0.43541040328788166
0 0.10612701412630705 0.43071297807245496 0.8925107909310757 0.43071297807245496 0.8925107909310757 0.45498300835215955 0.10612701412630705 0.45498300835215955
0 0.1078668012431318 0.4510684873393041 0.8942505780479004 0.4510684873393041 0.8942505780479004 0.4753385176190087 0.1078668012431318 0.4753385176190087
0 0.10438722700948234 0.47220690080872424 0.890771003814251 0.47220690080872424 0.890771003814251 0.49647693108842883 0.10438722700948234 0.49647693108842883
0 0.1096065883599565 0.48943079326528893 0.8959903651647252 0.48943079326528893 0.8959903651647252 0.5137008235449936 0.1096065883599565 0.5137008235449936
0 0.10960658835995646 0.5105692067347092 0.8959903651647252 0.5105692067347092 0.8959903651647252 0.5348392370144138 0.10960658835995646 0.5348392370144138
0 0.09742807854218288 0.5332734286092673 0.7689859056365211 0.5332734286092673 0.7689859056365211 0.5575434588889717 0.09742807854218288 0.5575434588889717
0 0.12700445952820347 0.5528460336735495 0.9133882363329722 0.5528460336735495 0.9133882363329722 0.5771160639532541 0.12700445952820347 0.5771160639532541
0 0.10960658835995639 0.5724186387378276 0.895990365164725 0.5724186387378276 0.895990365164725 0.5966886690175323 0.10960658835995639 0.5966886690175323
0 0.10786680124313167 0.595122860612389 0.901209726515198 0.595122860612389 0.901209726515198 0.6193928908920935 0.10786680124313167 0.6193928908920935
0 0.09742807854218315 0.6178270824869503 0.9081688749824978 0.6178270824869503 0.9081688749824978 0.6420971127666548 0.09742807854218315 0.6420971127666548
0 0.0974280785421832 0.6405313043615127 0.9081688749824983 0.6405313043615127 0.9081688749824983 0.6648013346412173 0.0974280785421832 0.6648013346412173
0 0.10438722700948197 0.6608868136283619 0.915128023449797 0.6608868136283619 0.915128023449797 0.6851568439080664 0.10438722700948197 0.6851568439080664
0 0.10090765277583258 0.6812423228952106 0.9116484492161477 0.6812423228952106 0.9116484492161477 0.7055123531749151 0.10090765277583258 0.7055123531749151
0 0.10612701412630669 0.7031636405672022 0.9168678105666218 0.7031636405672022 0.9168678105666218 0.7274336708469067 0.10612701412630669 0.7274336708469067
0 0.09394850430853346 0.7219533414289088 0.9220871719170953 0.7219533414289088 0.9220871719170953 0.7532695095317518 0.09394850430853346 0.7532695095317518
0 0.10090765277583233 0.7454404675060422 0.9290463203843948 0.7454404675060422 0.9290463203843948 0.7759737314063129 0.10090765277583233 0.7759737314063129
0 0.4801812442436198 0.7986779532808821 0.5532523031502576 0.7986779532808821 0.5532523031502576 0.8292112171811556 0.4801812442436198 0.8292112171811556
