0 0.12688021888101506 0.10124826629680998 0.6998237072655987 0.10124826629680998 0.6998237072655987 0.1650485436893204 0.12688021888101506 0.1650485436893204
0 0.15463526676123707 0.1664355062413315 0.7930013680063442 0.1664355062413315 0.7930013680063442 0.22330097087378645 0.15463526676123707 0.22330097087378645
0 0.15463526676123707 0.22191400832177532 0.594751026004758 0.22191400832177532 0.594751026004758 0.2787794729542303 0.15463526676123707 0.2787794729542303
0 0.11300269494090404 0.2843273231622746 0.8742840082269943 0.2843273231622746 0.8742840082269943 0.35783633841886264 0.11300269494090404 0.35783633841886264
0 0.10309017784082472 0.3841886269070735 0.24583042408196668 0.3841886269070735 0.24583042408196668 0.434119278779473 0.10309017784082472 0.434119278779473
0 0.269620465122157 0.3855755894590846 0.3746931463829976 0.3855755894590846 0.3746931463829976 0.4285714285714285 0.269620465122157 0.4285714285714285
0 0.4202907250433624 0.38696255201109575 0.5233809028841871 0.38696255201109575 0.5233809028841871 0.43134535367545085 0.4202907250433624 0.43134535367545085
0 0.5630309712845043 0.39528432732316227 0.6978412038455828 0.39528432732316227 0.6978412038455828 0.43550624133148397 0.5630309712845043 0.43550624133148397
0 0.7315437619858526 0.3897364771151179 0.8524764706068199 0.3897364771151179 0.8524764706068199 0.4368932038834952 0.7315437619858526 0.4368932038834952
0 0.08723015048069785 0.4604715672676838 0.822738919306582 0.4604715672676838 0.822738919306582 0.5187239944521498 0.08723015048069785 0.5187239944521498
0 0.10309017784082472 0.5547850208044383 0.8861790287470895 0.5547850208044383 0.8861790287470895 0.6144244105409155 0.10309017784082472 0.6144244105409155
0 0.08723015048069785 0.6477115117891817 0.7434387825059476 0.6477115117891817 0.7434387825059476 0.6934812760055479 0.08723015048069785 0.6934812760055479
0 0.09119515732072957 0.7295423023578365 0.6482786183451862 0.7295423023578365 0.6482786183451862 0.7766990291262137 0.09119515732072957 0.7766990291262137
0 0.09714266758077715 0.8141470180305131 0.7811063474862491 0.8141470180305131 0.7811063474862491 0.8723994452149793 0.09714266758077715 0.8723994452149793
0 0.47381831738379065 0.9015256588072124 0.539240930244314 0.9015256588072124 0.539240930244314 0.927877947295423 0.47381831738379065 0.927877947295423
