0 0.30259904721702946 0.09847434119278779 0.6808478562383165 0.09847434119278779 0.6808478562383165 0.1608876560332871 0.30259904721702946 0.1608876560332871
0 0.08958524424188372 0.08321775312066575 0.21301380297514572 0.08321775312066575 0.21301380297514572 0.14563106796116504 0.08958524424188372 0.14563106796116504
0 0.0995391602687597 0.21775312066574198 0.29264513119015345 0.21775312066574198 0.29264513119015345 0.28016643550624126 0.0995391602687597 0.28016643550624126
0 0.11148385950101088 0.27600554785020803 0.24884790067189927 0.27600554785020803 0.24884790067189927 0.31622746185852985 0.11148385950101088 0.31622746185852985
0 0.11347464270638605 0.31622746185852985 0.22097693579664654 0.31622746185852985 0.22097693579664654 0.35506241331484045 0.11347464270638605 0.35506241331484045
0 0.11148385950101088 0.3606102635228849 0.21898615259127133 0.3606102635228849 0.21898615259127133 0.40499306518723993 0.11148385950101088 0.40499306518723993
0 0.11148385950101088 0.39389736477115117 0.17917048848376743 0.39389736477115117 0.17917048848376743 0.4521497919556173 0.11148385950101088 0.4521497919556173
0 0.10750229309026048 0.44937586685159503 0.22296771900202175 0.44937586685159503 0.22296771900202175 0.48959778085991684 0.10750229309026048 0.48959778085991684
0 0.11546542591176126 0.492371705963939 0.22097693579664654 0.492371705963939 0.22097693579664654 0.5325936199722607 0.11546542591176126 0.5325936199722607
0 0.15926265643001553 0.5783633841886269 0.9217326240887147 0.5783633841886269 0.9217326240887147 0.6338418862690708 0.15926265643001553 0.6338418862690708
0 0.07166819539350698 0.6310679611650486 0.9217326240887148 0.6310679611650486 0.9217326240887148 0.6851595006934813 0.07166819539350698 0.6851595006934813
0 0.061714279366631014 0.6837725381414702 0.36630410978903566 0.6837725381414702 0.36630410978903566 0.7378640776699029 0.061714279366631014 0.7378640776699029
0 0.1572718732246403 0.7406380027739252 0.9197418408833397 0.7406380027739252 0.9197418408833397 0.7919556171983356 0.1572718732246403 0.7919556171983356
0 0.05972349616125582 0.7808599167822469 0.9157602744725893 0.7808599167822469 0.9157602744725893 0.840499306518724 0.05972349616125582 0.840499306518724
0 0.0656958457773814 0.8307905686546462 0.2966266976009039 0.8307905686546462 0.2966266976009039 0.8945908460471569 0.0656958457773814 0.8945908460471569
0 0.4538985708255442 0.8807212205270458 0.5275575494244263 0.8807212205270458 0.5275575494244263 0.9167822468793344 0.4538985708255442 0.9167822468793344
