0 0.04770771189177901 0.11789181692094332 0.6838105371154977 0.11789181692094332 0.6838105371154977 0.17059639389736492 0.04770771189177901 0.17059639389736492
0 0.03975642657648244 0.18307905686546472 0.7732624969125834 0.18307905686546472 0.7732624969125834 0.23994452149791962 0.03975642657648244 0.23994452149791962
0 0.06162246119354777 0.2565880721220527 0.55460215074193 0.2565880721220527 0.55460215074193 0.29819694868238555 0.06162246119354777 0.29819694868238555
0 0.05565899720707541 0.3217753120665742 0.6440541105390155 0.3217753120665742 0.6440541105390155 0.361997226074896 0.05565899720707541 0.361997226074896
0 0.05764681853589953 0.37725381414701803 0.7215791423631561 0.37725381414701803 0.7215791423631561 0.434119278779473 0.05764681853589953 0.434119278779473
0 0.07354938916649251 0.4687933425797503 0.8766292060114378 0.4687933425797503 0.8766292060114378 0.5325936199722606 0.07354938916649251 0.5325936199722606
0 0.04770771189177892 0.5617198335644937 0.2981731993236182 0.5617198335644937 0.2981731993236182 0.608876560332871 0.04770771189177892 0.608876560332871
0 0.6062855052913572 0.5520110957004161 0.8110311021602417 0.5520110957004161 0.8110311021602417 0.6074895977808599 0.6062855052913572 0.6074895977808599
0 0.6281515399084224 0.6380027739251041 0.8189823874755381 0.6380027739251041 0.8189823874755381 0.6782246879334257 0.6281515399084224 0.6782246879334257
0 0.05963463986472365 0.6352288488210819 0.25245330876066346 0.6352288488210819 0.25245330876066346 0.6726768377253814 0.05963463986472365 0.6726768377253814
0 0.05168335454942716 0.7059639389736477 0.37371040981893483 0.7059639389736477 0.37371040981893483 0.7531206657420249 0.05168335454942716 0.7531206657420249
0 0.6241758972507743 0.7004160887656034 0.8309093154484829 0.7004160887656034 0.8309093154484829 0.753120665742025 0.6241758972507743 0.753120665742025
0 0.6520053958543118 0.7808599167822469 0.8169945661467141 0.7808599167822469 0.8169945661467141 0.8307905686546462 0.6520053958543118 0.8307905686546462
0 0.053671175878251286 0.7711511789181692 0.36973476716128656 0.7711511789181692 0.36973476716128656 0.8280166435506242 0.053671175878251286 0.8280166435506242
0 0.05963463986472365 0.8557558945908461 0.2882340926794977 0.8557558945908461 0.2882340926794977 0.9126213592233011 0.05963463986472365 0.9126213592233011
0 0.6857983584443218 0.8418862690707348 0.8130189234890657 0.8418862690707348 0.8130189234890657 0.9070735090152565 0.6857983584443218 0.9070735090152565
0 0.42738158569718615 0.9042995839112344 0.5009309748636787 0.9042995839112344 0.5009309748636787 0.9500693481276005 0.42738158569718615 0.9500693481276005
