0 0.08232934376240757 0.10107841288134954 0.648156469984045 0.10107841288134954 0.648156469984045 0.16047500601781264 0.08232934376240757 0.16047500601781264
0 0.2320190596940577 0.162559097005057 0.6795913103296916 0.162559097005057 0.6795913103296916 0.2094511442180542 0.2320190596940577 0.2094511442180542
0 0.2380066483313237 0.2094511442180542 0.6182185267977152 0.2094511442180542 0.6182185267977152 0.24488069100120766 0.2380066483313237 0.24488069100120766
0 0.2439942369685897 0.24592273649482985 0.6990509734008061 0.24592273649482985 0.6990509734008061 0.2896886472269606 0.2439942369685897 0.2896886472269606
0 0.2365097511720072 0.29594092018869345 0.684082001807641 0.29594092018869345 0.684082001807641 0.3480431948698015 0.2365097511720072 0.3480431948698015
0 0.07334796080650856 0.3386647854272021 0.9026289870678503 0.3386647854272021 0.9026289870678503 0.39806137856366525 0.07334796080650856 0.39806137856366525
0 0.22603147105679167 0.39910342405728744 0.4790070909812804 0.39910342405728744 0.4790070909812804 0.4439113802830403 0.22603147105679167 0.4439113802830403
0 0.7005478705601227 0.4716829347335647 0.8532313808104057 0.4716829347335647 0.8532313808104057 0.5248272549082948 0.7005478705601227 0.5248272549082948
0 0.7035416648787556 0.5196170274401841 0.8457468950138233 0.5196170274401841 0.8457468950138233 0.5779715750830252 0.7035416648787556 0.5779715750830252
0 0.6990509734008061 0.5665090746531813 0.8382624092172407 0.5665090746531813 0.8382624092172407 0.6206954403215336 0.6990509734008061 0.6206954403215336
0 0.7005478705601227 0.60923293989169 0.8098213631902272 0.60923293989169 0.8098213631902272 0.6571670325983093 0.7005478705601227 0.6571670325983093
0 0.7110261506753381 0.6550829416110651 0.8008399802343281 0.6550829416110651 0.8008399802343281 0.7030170343176843 0.7110261506753381 0.7030170343176843
0 0.705038562038072 0.6925965793814626 0.8756848382001532 0.6925965793814626 0.8756848382001532 0.7353204446199713 0.705038562038072 0.7353204446199713
0 0.6990509734008061 0.7332363536327271 0.7948523915970621 0.7332363536327271 0.7948523915970621 0.7874227193010794 0.6990509734008061 0.7874227193010794
0 0.7020447677194391 0.7978431742373009 0.8262872319427088 0.7978431742373009 0.8262872319427088 0.8259784025650992 0.7020447677194391 0.8259784025650992
0 0.7035416648787556 0.8280624935523434 0.8083244660309107 0.8280624935523434 0.8083244660309107 0.8687022678036077 0.7035416648787556 0.8687022678036077
0 0.45206294211358333 0.8780806772462073 0.537386080194624 0.8780806772462073 0.537386080194624 0.9208045424847158 0.45206294211358333 0.9208045424847158
