0 0.11071372561611786 0.20498746184933747 0.8920363035355783 0.20498746184933747 0.8920363035355783 0.2270511257399781 0.11071372561611786 0.2270511257399781
0 0.5772929978554718 0.16513052062753503 0.8857098049289429 0.16513052062753503 0.8857098049289429 0.18932937779791503 0.5772929978554718 0.18932937779791503
0 0.11704022422275319 0.2242042013669922 0.8872914295806018 0.2242042013669922 0.8872914295806018 0.24911478963061875 0.11704022422275319 0.24911478963061875
0 0.12652997213270614 0.23986228541841462 0.8920363035355783 0.23986228541841462 0.8920363035355783 0.267619798055027 0.12652997213270614 0.267619798055027
0 0.11229535026777668 0.25836729384282286 0.884128180277284 0.25836729384282286 0.884128180277284 0.2896834619456676 0.11229535026777668 0.2896834619456676
0 0.12020347352607084 0.2761605711739847 0.8904546788839193 0.2761605711739847 0.8904546788839193 0.31032366364981534 0.12020347352607084 0.31032366364981534
0 0.11704022422275319 0.2960890417848859 0.8936179281872371 0.2960890417848859 0.8936179281872371 0.32598174770123767 0.11704022422275319 0.32598174770123767
0 0.11862184887441202 0.3138823191160477 0.9015260514455312 0.3138823191160477 0.9015260514455312 0.345910218312139 0.11862184887441202 0.345910218312139
0 0.1312748460876826 0.3316755964472095 0.915760673310461 0.3316755964472095 0.915760673310461 0.36655042001628657 0.1312748460876826 0.36655042001628657
0 0.12020347352607084 0.3516040670581107 0.8999444267938722 0.3516040670581107 0.8999444267938722 0.3850554284406949 0.12020347352607084 0.3850554284406949
0 0.12811159678436496 0.3729559998555048 0.9094341747038254 0.3729559998555048 0.9094341747038254 0.40427216795834964 0.12811159678436496 0.40427216795834964
0 0.12652997213270614 0.3964431259326385 0.41122240943129507 0.3964431259326385 0.41122240943129507 0.42420063856925083 0.12652997213270614 0.42420063856925083
0 0.18663170889574154 0.41138947889081434 0.9268320458720725 0.41138947889081434 0.9268320458720725 0.44412910918015214 0.18663170889574154 0.44412910918015214
0 0.1296932214360238 0.4291827562219762 0.9078525500521663 0.4291827562219762 0.9078525500521663 0.4676162352572857 0.1296932214360238 0.4676162352572857
0 0.1296932214360238 0.4505346890193703 0.9078525500521663 0.4505346890193703 0.9078525500521663 0.4868329747749405 0.1296932214360238 0.4868329747749405
0 0.13285647073934145 0.4690396974437786 0.911015799355484 0.4690396974437786 0.911015799355484 0.5053379831993488 0.13285647073934145 0.5053379831993488
0 0.13285647073934145 0.4911033613344193 0.9157606733104608 0.4911033613344193 0.9157606733104608 0.523842991623757 0.13285647073934145 0.523842991623757
0 0.13760134469431792 0.5103201008520739 0.9189239226137783 0.5103201008520739 0.9189239226137783 0.546618386607644 0.13760134469431792 0.546618386607644
0 0.13443809539100027 0.5266899159967429 0.9236687965687548 0.5266899159967429 0.9236687965687548 0.5672585883117918 0.13443809539100027 0.5672585883117918
0 0.14550946795261208 0.5487535798873835 0.9205055472654373 0.5487535798873835 0.9205055472654373 0.5893222522024323 0.14550946795261208 0.5893222522024323
0 0.14550946795261208 0.5679703194050382 0.9236687965687548 0.5679703194050382 0.9236687965687548 0.6092507228133336 0.14550946795261208 0.6092507228133336
0 0.14392784330095323 0.5864753278294464 0.9331585444787077 0.5864753278294464 0.9331585444787077 0.6306026556107278 0.14392784330095323 0.6306026556107278
0 0.14550946795261208 0.6071155295335943 0.9394850430853432 0.6071155295335943 0.9394850430853432 0.6469724707553965 0.14550946795261208 0.6469724707553965
0 0.1518359665592474 0.6263322690512488 0.9252504212204139 0.6263322690512488 0.9252504212204139 0.6676126724595444 0.1518359665592474 0.6676126724595444
0 0.14550946795261208 0.6491076640351361 0.9331585444787077 0.6491076640351361 0.9331585444787077 0.6896763363501849 0.14550946795261208 0.6896763363501849
0 0.14550946795261208 0.6690361346460372 0.9394850430853432 0.6690361346460372 0.9394850430853432 0.708181344774593 0.14550946795261208 0.708181344774593
0 0.13918296934597676 0.6910997985366778 0.9442299170403198 0.6910997985366778 0.9442299170403198 0.7352271263179592 0.13918296934597676 0.7352271263179592
0 0.1518359665592474 0.7103165380543327 0.9473931663436373 0.7103165380543327 0.9473931663436373 0.7515969414626281 0.1518359665592474 0.7515969414626281
0 0.14709109260427092 0.7473265549031491 0.40015103686968306 0.7473265549031491 0.40015103686968306 0.7779309919127474 0.14709109260427092 0.7779309919127474
0 0.19612145680569454 0.7459030927166562 0.9537196649502727 0.7459030927166562 0.9537196649502727 0.7964360003371558 0.19612145680569454 0.7964360003371558
0 0.13760134469431792 0.7736606053532689 0.9568829142535903 0.7736606053532689 0.9568829142535903 0.8256169751602611 0.13760134469431792 0.8256169751602611
0 0.5361707569123423 0.8334460171859723 0.6057622415853307 0.8334460171859723 0.6057622415853307 0.8547979499833663 0.5361707569123423 0.8547979499833663
