0 0.1139384574109002 0.12883223487196496 0.4875744799115098 0.12883223487196496 0.4875744799115098 0.16441878953428857 0.1139384574109002 0.16441878953428857
0 0.15602383357168315 0.18150033577220387 0.3592654062505862 0.18150033577220387 0.3592654062505862 0.21068131059530926 0.15602383357168315 0.21068131059530926
0 0.171420922410994 0.21068131059530926 0.33565653669697626 0.21068131059530926 0.33565653669697626 0.2412857476049075 0.171420922410994 0.2412857476049075
0 0.44446263116143947 0.17794168030597152 0.8663428653585563 0.17794168030597152 0.8663428653585563 0.20925784840881628 0.44446263116143947 0.20925784840881628
0 0.44548910375072687 0.20285226856959787 0.8714752283049934 0.20285226856959787 0.8714752283049934 0.24270920979140034 0.44548910375072687 0.24270920979140034
0 0.5532687256259027 0.2370153610454287 0.7482985175905067 0.2370153610454287 0.7482985175905067 0.2718901846145058 0.5532687256259027 0.2718901846145058
0 0.12009729294662452 0.526689915996743 0.42290670678640435 0.526689915996743 0.42290670678640435 0.5615647395658201 0.12009729294662452 0.5615647395658201
0 0.11907082035733714 0.5615647395658201 0.4721773910721989 0.5615647395658201 0.4721773910721989 0.5950161009484042 0.11907082035733714 0.5950161009484042
0 0.12522965589306148 0.5907457143889254 0.4844950621436476 0.5907457143889254 0.4844950621436476 0.6199266892120308 0.12522965589306148 0.6199266892120308
0 0.11599140258947496 0.6177914959322913 0.19913568232175352 0.6177914959322913 0.19913568232175352 0.6462607396621503 0.11599140258947496 0.6462607396621503
0 0.5891952662509613 0.5330954958359612 0.8191251262513364 0.5330954958359612 0.8191251262513364 0.5701055126847777 0.5891952662509613 0.5701055126847777
0 0.6158835535724335 0.5636999328455594 0.7852515308048528 0.5636999328455594 0.7852515308048528 0.5928809076686647 0.6158835535724335 0.5928809076686647
0 0.47525680884006116 0.9024839332308803 0.5173421850008442 0.9024839332308803 0.5173421850008442 0.9402056811729432 0.47525680884006116 0.9402056811729432
