0 0.4747194553019796 0.09847434119278779 0.6092233009708738 0.09847434119278779 0.6092233009708738 0.17891816920943138 0.4747194553019796 0.17891816920943138
0 0.12856985247761948 0.09153952843273232 0.255161707224814 0.09153952843273232 0.255161707224814 0.15256588072122051 0.12856985247761948 0.15256588072122051
0 0.16219581389484306 0.1914008321775312 0.24922771403353933 0.1914008321775312 0.24922771403353933 0.2385575589459085 0.16219581389484306 0.2385575589459085
0 0.14834982978186864 0.2552011095700416 0.23340373219014 0.2552011095700416 0.23340373219014 0.2884882108183079 0.14834982978186864 0.2884882108183079
0 0.15626182070356825 0.29542302357836336 0.2413157231118396 0.29542302357836336 0.2413157231118396 0.3370319001386963 0.15626182070356825 0.3370319001386963
0 0.15626182070356825 0.3481276005547851 0.26505169587693855 0.3481276005547851 0.26505169587693855 0.3786407766990292 0.15626182070356825 0.3786407766990292
0 0.14834982978186864 0.3841886269070735 0.2630736981465137 0.3841886269070735 0.2630736981465137 0.43134535367545085 0.14834982978186864 0.43134535367545085
0 0.15230582524271846 0.4230235783633841 0.255161707224814 0.4230235783633841 0.255161707224814 0.47434119278779474 0.15230582524271846 0.47434119278779474
0 0.18790978439036693 0.492371705963939 0.9494389106039592 0.492371705963939 0.9494389106039592 0.565880721220527 0.18790978439036693 0.565880721220527
0 0.10681187744294542 0.5423023578363384 0.9336149287605598 0.5423023578363384 0.9336149287605598 0.6102635228848821 0.10681187744294542 0.6102635228848821
0 0.10285588198209558 0.5963938973647711 0.2314257344597151 0.5963938973647711 0.2314257344597151 0.6449375866851594 0.10285588198209558 0.6449375866851594
0 0.1839537889295171 0.6504854368932039 0.9375709242214098 0.6504854368932039 0.9375709242214098 0.7128987517337032 0.1839537889295171 0.7128987517337032
0 0.11076787290379525 0.6948682385575589 0.9395489219518347 0.6948682385575589 0.9395489219518347 0.7572815533980582 0.11076787290379525 0.7572815533980582
0 0.10087788425167067 0.7434119278779473 0.2709856890682133 0.7434119278779473 0.2709856890682133 0.7905686546463246 0.10087788425167067 0.7905686546463246
0 0.1839537889295171 0.8099861303744799 0.9415269196822595 0.8099861303744799 0.9415269196822595 0.8696255201109571 0.1839537889295171 0.8696255201109571
0 0.09098789559954609 0.8557558945908461 0.9316369310301349 0.8557558945908461 0.9316369310301349 0.9056865464632456 0.09098789559954609 0.9056865464632456
0 0.49449943260622875 0.8987517337031901 0.5399933804060018 0.8987517337031901 0.5399933804060018 0.9264909847434121 0.49449943260622875 0.9264909847434121
