0 0.21546550658817978 0.2157888233955677 0.5884848421044752 0.2157888233955677 0.5884848421044752 0.24787286967264383 0.21546550658817978 0.24787286967264383
0 0.2648607610629403 0.24359499683570035 0.6463965197645393 0.24359499683570035 0.6463965197645393 0.2644496269157999 0.2648607610629403 0.2644496269157999
0 0.2146138642696494 0.2639148928111819 0.607220973112143 0.2639148928111819 0.607220973112143 0.2869084593097531 0.2146138642696494 0.2869084593097531
0 0.26060254947028855 0.28263058647280964 0.6600227968610249 0.28263058647280964 0.6600227968610249 0.30508941886676294 0.26060254947028855 0.30508941886676294
0 0.39856860507220593 0.30829782349447055 0.45988685200639146 0.30829782349447055 0.45988685200639146 0.3312913899930417 0.39856860507220593 0.3312913899930417
0 0.2171687912252405 0.32915245357457 0.5612322879115038 0.32915245357457 0.5612322879115038 0.3500070836546694 0.2171687912252405 0.3500070836546694
0 0.2674156880185314 0.3494723495500516 0.6446932351274786 0.3494723495500516 0.6446932351274786 0.37139644783938686 0.2674156880185314 0.37139644783938686
0 0.21376222195111905 0.3639101703747357 0.5612322879115038 0.3639101703747357 0.5612322879115038 0.3922510779194863 0.21376222195111905 0.3922510779194863
0 0.26400911874440997 0.3911816097102505 0.6446932351274786 0.3911816097102505 0.6446932351274786 0.4136404421042039 0.26400911874440997 0.4136404421042039
0 0.4011235320277971 0.412570973894968 0.45818356736933086 0.412570973894968 0.45818356736933086 0.43609927449815716 0.4011235320277971 0.43609927449815716
0 0.21120729499552798 0.4323561357658316 0.5612322879115039 0.4323561357658316 0.5612322879115039 0.4569539045782566 0.21120729499552798 0.4569539045782566
0 0.2691189726555921 0.4548149681597849 0.6566162275869036 0.4548149681597849 0.6566162275869036 0.4799474710768278 0.2691189726555921 0.4799474710768278
0 0.20354251412875476 0.47085699129832287 0.545051083859427 0.47085699129832287 0.545051083859427 0.4970589624246017 0.20354251412875476 0.4970589624246017
0 0.2623058341073493 0.4954547601107479 0.6438415928089481 0.4954547601107479 0.6438415928089481 0.519517794818555 0.2623058341073493 0.519517794818555
0 0.40027188970926675 0.5211219971324088 0.45477699809520944 0.5211219971324088 0.45477699809520944 0.543580829526362 0.40027188970926675 0.543580829526362
0 0.20183922949169408 0.5425113613171263 0.5706003534153377 0.5425113613171263 0.5706003534153377 0.5703175347572589 0.20183922949169408 0.5703175347572589
0 0.26571240338147073 0.5665743960249333 0.6404350235348267 0.5665743960249333 0.6404350235348267 0.5901026966281224 0.26571240338147073 0.5901026966281224
0 0.19758101789904234 0.5911721648373583 0.55186422240767 0.5911721648373583 0.55186422240767 0.6152351995451655 0.19758101789904234 0.6152351995451655
0 0.2665640457000011 0.6120267949174578 0.6378800965792358 0.6120267949174578 0.6378800965792358 0.6430413729852982 0.2665640457000011 0.6430413729852982
0 0.38920053956837214 0.6467845117176236 0.45988685200639157 0.6467845117176236 0.45988685200639157 0.6676391417977232 0.38920053956837214 0.6676391417977232
0 0.20354251412875476 0.6660349394838694 0.556974076318852 0.6660349394838694 0.556974076318852 0.6890285059824405 0.20354251412875476 0.6890285059824405
0 0.2691189726555921 0.6917021765055301 0.6489514467201304 0.6917021765055301 0.6489514467201304 0.7120220724810116 0.2691189726555921 0.7120220724810116
0 0.21631714890671008 0.7162999453179552 0.5365346606741234 0.7162999453179552 0.5365346606741234 0.7366198412934367 0.21631714890671008 0.7366198412934367
0 0.2665640457000011 0.7403629800257624 0.6446932351274786 0.7403629800257624 0.6446932351274786 0.7644260147335693 0.2665640457000011 0.7644260147335693
0 0.3926071088424936 0.7654954829428051 0.45392535577667914 0.7654954829428051 0.45392535577667914 0.7895585176506122 0.3926071088424936 0.7895585176506122
0 0.20439415644728517 0.7863501130229048 0.5365346606741234 0.7863501130229048 0.5365346606741234 0.8114826159399477 0.20439415644728517 0.8114826159399477
0 0.2588992648332279 0.8098784136260939 0.6472481620830697 0.8098784136260939 0.6472481620830697 0.8371498529616087 0.2588992648332279 0.8371498529616087
0 0.20609744108434583 0.8296635754969577 0.5467543684964877 0.8296635754969577 0.5467543684964877 0.8558655466232364 0.20609744108434583 0.8558655466232364
0 0.2674156880185314 0.8451708645308778 0.638731738897766 0.8451708645308778 0.638731738897766 0.8703033674479206 0.2674156880185314 0.8703033674479206
0 0.3917554665239632 0.8740465061802464 0.45733192505080045 0.8740465061802464 0.45733192505080045 0.8949011362603456 0.3917554665239632 0.8949011362603456
