0 0.19202098585828511 0.2015960631900179 0.5705766436931899 0.2015960631900179 0.5705766436931899 0.22915429112052135 0.19202098585828511 0.22915429112052135
0 0.1837915150357872 0.24034982121728843 0.5623471728706921 0.24034982121728843 0.5623471728706921 0.26790804914779187 0.1837915150357872 0.26790804914779187
0 0.1837915150357872 0.28857672009566937 0.5623471728706921 0.28857672009566937 0.5623471728706921 0.31613494802617276 0.1837915150357872 0.31613494802617276
0 0.1920209858582851 0.33163645123708085 0.57057664369319 0.33163645123708085 0.57057664369319 0.35919467916758424 0.1920209858582851 0.35919467916758424
0 0.1783052011541219 0.372973793132836 0.5568608589890269 0.372973793132836 0.5568608589890269 0.4005320210633394 0.1783052011541219 0.4005320210633394
0 0.19064940738786884 0.43584100059929676 0.5692050652227738 0.43584100059929676 0.5692050652227738 0.46339922852980014 0.19064940738786884 0.46339922852980014
0 0.17693362268370558 0.477178342495052 0.5554892805186106 0.477178342495052 0.5554892805186106 0.5047365704255554 0.17693362268370558 0.5047365704255554
0 0.1783052011541219 0.5434903284528259 0.5568608589890269 0.5434903284528259 0.5568608589890269 0.5710485563833293 0.1783052011541219 0.5710485563833293
0 0.1687041518612076 0.5856888649714093 0.5472598096961125 0.5856888649714093 0.5472598096961125 0.6132470929019127 0.1687041518612076 0.6132470929019127
0 0.17693362268370558 0.651139656306355 0.5554892805186106 0.651139656306355 0.5554892805186106 0.6786978842368584 0.17693362268370558 0.6786978842368584
0 0.1783052011541219 0.6933381928249381 0.5568608589890269 0.6933381928249381 0.5568608589890269 0.7208964207554416 0.1783052011541219 0.7208964207554416
0 0.18104835809495456 0.7553442056685705 0.5596040159298595 0.7553442056685705 0.5596040159298595 0.782902433599074 0.18104835809495456 0.782902433599074
0 0.18516309350620347 0.7984039368099826 0.5637187513411084 0.7984039368099826 0.5637187513411084 0.8259621647404859 0.18516309350620347 0.8259621647404859
0 0.25374201702701965 0.22312592876072374 0.6281829394506757 0.22312592876072374 0.6281829394506757 0.25154535131405537 0.25374201702701965 0.25154535131405537
0 0.24825570314535442 0.26446327065647895 0.6226966255690105 0.26446327065647895 0.6226966255690105 0.29288269320981064 0.24825570314535442 0.29288269320981064
0 0.2468841246749381 0.3505827329393021 0.621325047098594 0.3505827329393021 0.621325047098594 0.3790021554926338 0.2468841246749381 0.3790021554926338
0 0.24825570314535436 0.3962260479491987 0.6226966255690104 0.3962260479491987 0.6226966255690104 0.4246454705025303 0.24825570314535436 0.4246454705025303
0 0.2496272816157706 0.46081564466131575 0.6240682040394266 0.46081564466131575 0.6240682040394266 0.4892350672146474 0.2496272816157706 0.4892350672146474
0 0.250998860086187 0.5004305973114144 0.625439782509843 0.5004305973114144 0.625439782509843 0.528850019864746 0.250998860086187 0.528850019864746
0 0.2455125462045217 0.5667425832691882 0.6199534686281777 0.5667425832691882 0.6199534686281777 0.5951620058225199 0.2455125462045217 0.5951620058225199
0 0.2427693892636891 0.6089411197877715 0.6172103116873451 0.6089411197877715 0.6172103116873451 0.6373605423411032 0.2427693892636891 0.6373605423411032
0 0.2537420170270196 0.6700859380085759 0.6281829394506756 0.6700859380085759 0.6281829394506756 0.6985053605619075 0.2537420170270196 0.6985053605619075
0 0.2482557031453543 0.7131456691499874 0.6226966255690103 0.7131456691499874 0.6226966255690103 0.7415650917033191 0.2482557031453543 0.7415650917033191
0 0.2482557031453543 0.7768740712392765 0.6226966255690103 0.7768740712392765 0.6226966255690103 0.8052934937926082 0.2482557031453543 0.8052934937926082
0 0.38815670712781924 0.3118289749120316 0.4416482674740557 0.3118289749120316 0.4416482674740557 0.33766481359687844 0.38815670712781924 0.33766481359687844
0 0.2509988600861869 0.8216561916263448 0.6254397825098429 0.8216561916263448 0.6254397825098429 0.8500756141796764 0.2509988600861869 0.8500756141796764
0 0.38815670712781936 0.41603352427424783 0.44164826747405583 0.41603352427424783 0.44164826747405583 0.44186936295909474 0.38815670712781936 0.44186936295909474
0 0.3854135501869866 0.5219604628821204 0.438905110533223 0.5219604628821204 0.438905110533223 0.5477963015669672 0.3854135501869866 0.5477963015669672
0 0.38404197171657023 0.6270262068671644 0.43753353206280665 0.6270262068671644 0.43753353206280665 0.6528620455520112 0.38404197171657023 0.6528620455520112
0 0.3771840793644887 0.7372591185891778 0.4306756397107252 0.7372591185891778 0.4306756397107252 0.7630949572740247 0.3771840793644887 0.7630949572740247
0 0.3716977654828234 0.8424013840224337 0.43204721818114156 0.8424013840224337 0.43204721818114156 0.8656536388387962 0.3716977654828234 0.8656536388387962
0 0.7420239524952303 0.9354104032878828 0.7776849927260546 0.9354104032878828 0.7776849927260546 0.9517731011216193 0.7420239524952303 0.9517731011216193
