0 0.16895213045838303 0.21560166645895135 0.7161693085541458 0.21560166645895135 0.7161693085541458 0.2450120422129377 0.16895213045838303 0.2450120422129377
0 0.18209285171625728 0.2367771370018215 0.7799956689495349 0.2367771370018215 0.7799956689495349 0.266187512755808 0.18209285171625728 0.266187512755808
0 0.17458386814032914 0.25795260754469174 0.6973968496143257 0.25795260754469174 0.6973968496143257 0.2820691156629607 0.17458386814032914 0.2820691156629607
0 0.20649704833802363 0.2779516630574025 0.7762411771615708 0.2779516630574025 0.7762411771615708 0.3114794914169471 0.20649704833802363 0.3114794914169471
0 0.449600391608697 0.3055974162661498 0.4965315389582479 0.3055974162661498 0.4965315389582479 0.3308903394145781 0.449600391608697 0.3308903394145781
0 0.167074884564401 0.3250082642637808 0.6626678005756578 0.3250082642637808 0.6626678005756578 0.3532422249876079 0.167074884564401 0.3532422249876079
0 0.20649704833802363 0.3473601498368105 0.78468878368449 0.3473601498368105 0.78468878368449 0.37971156316619564 0.20649704833802363 0.37971156316619564
0 0.16613626161740996 0.3732412805003185 0.6589133087876937 0.3732412805003185 0.6589133087876937 0.39618137358842787 0.16613626161740996 0.39618137358842787
0 0.19711081886811355 0.3908875059527105 0.7743639312675888 0.3908875059527105 0.7743639312675888 0.4161804291011389 0.19711081886811355 0.4161804291011389
0 0.44866176866170604 0.41794505164637813 0.4937156701172748 0.41794505164637813 0.4937156701172748 0.4438261823098861 0.44866176866170604 0.4438261823098861
0 0.15299554035953572 0.44147335224956713 0.7208624232891009 0.44147335224956713 0.7208624232891009 0.46441344533767664 0.15299554035953572 0.46441344533767664
0 0.19804944181510453 0.45970778521703876 0.7771798001085618 0.45970778521703876 0.7771798001085618 0.48264787830514816 0.19804944181510453 0.48264787830514816
0 0.15487278625351775 0.48264787830514827 0.7340031445469749 0.48264787830514827 0.7340031445469749 0.5055879713932577 0.15487278625351775 0.5055879713932577
0 0.20086531065607757 0.5032351413329387 0.7799956689495349 0.5032351413329387 0.7799956689495349 0.5261752344210482 0.20086531065607757 0.5261752344210482
0 0.16332039277643692 0.5502917425393171 0.7424507510698942 0.5502917425393171 0.7424507510698942 0.5732318356274265 0.16332039277643692 0.5732318356274265
0 0.19711081886811357 0.572055420597267 0.7762411771615708 0.572055420597267 0.7762411771615708 0.5949955136853764 0.19711081886811357 0.5949955136853764
0 0.14079344204865252 0.5908780610798183 0.7199238003421098 0.5908780610798183 0.7199238003421098 0.6138181541679277 0.14079344204865252 0.6138181541679277
0 0.19429495002714045 0.6114653241076089 0.7734253083205977 0.6114653241076089 0.7734253083205977 0.6344054171957183 0.19429495002714045 0.6344054171957183
0 0.1417320649956435 0.6626393779195452 0.7208624232891008 0.6626393779195452 0.7208624232891008 0.6855794710076546 0.1417320649956435 0.6855794710076546
0 0.19241770413315845 0.6832266409473359 0.7715480624266158 0.6832266409473359 0.7715480624266158 0.7061667340354453 0.19241770413315845 0.7061667340354453
0 0.1605045239354638 0.7008728663997278 0.739634882228921 0.7008728663997278 0.739634882228921 0.7238129594878372 0.1605045239354638 0.7238129594878372
0 0.19147908118616738 0.7232247519727574 0.7706094394796246 0.7232247519727574 0.7706094394796246 0.7461648450608669 0.19147908118616738 0.7461648450608669
0 0.1576886550944908 0.7708695606942154 0.7368190133879481 0.7708695606942154 0.7368190133879481 0.7938096537823248 0.1576886550944908 0.7938096537823248
0 0.1924177041331584 0.7955742763275641 0.7715480624266157 0.7955742763275641 0.7715480624266157 0.8185143694156736 0.1924177041331584 0.8185143694156736
0 0.16144314688245487 0.8108676717196368 0.740573505175912 0.8108676717196368 0.740573505175912 0.8338077648077462 0.16144314688245487 0.8338077648077462
0 0.44866176866170604 0.5314691020567658 0.4946542930642659 0.5314691020567658 0.4946542930642659 0.5508799500543968 0.44866176866170604 0.5508799500543968
0 0.44584589982073297 0.6391110773163562 0.4946542930642659 0.6391110773163562 0.4946542930642659 0.6602865478592264 0.44584589982073297 0.6602865478592264
0 0.4383369162448048 0.7491058826362654 0.49934740779922093 0.7491058826362654 0.49934740779922093 0.7732223907545344 0.4383369162448048 0.7732223907545344
0 0.20180393360306859 0.8353018957776759 0.7649777017976788 0.8353018957776759 0.7649777017976788 0.8529481212300676 0.20180393360306859 0.8529481212300676
0 0.4327051785628587 0.8600066114110245 0.504040522534176 0.8600066114110245 0.504040522534176 0.8900051946800906 0.4327051785628587 0.8900051946800906
0 0.7978295049423643 0.941179248492025 0.8353744228220047 0.941179248492025 0.8353744228220047 0.9711778317610912 0.7978295049423643 0.9711778317610912
