0 0.26000580248566235 0.21438480333901705 0.6333862281482124 0.21438480333901705 0.6333862281482124 0.24375153997745974 0.26000580248566235 0.24375153997745974
0 0.25395915591622836 0.2570139371690145 0.6273395815787786 0.2570139371690145 0.6273395815787786 0.2863806738074572 0.25395915591622836 0.2863806738074572
0 0.25395915591622836 0.3252205512970104 0.6273395815787786 0.3252205512970104 0.6273395815787786 0.35458728793545313 0.25395915591622836 0.35458728793545313
0 0.2509358326315114 0.36974431329722995 0.6243162582940616 0.36974431329722995 0.6243162582940616 0.39911104993567265 0.2509358326315114 0.39911104993567265
0 0.24488918606207732 0.4417401837656701 0.6182696117246275 0.4417401837656701 0.6182696117246275 0.47110692040411284 0.24488918606207732 0.47110692040411284
0 0.23581921620792637 0.48247468942544547 0.6091996418704766 0.48247468942544547 0.6091996418704766 0.5118414260638882 0.23581921620792637 0.5118414260638882
0 0.24791250934679432 0.5544705598938856 0.6212929350093445 0.5544705598938856 0.6212929350093445 0.5838372965323283 0.24791250934679432 0.5838372965323283
0 0.2509358326315114 0.5933104373834389 0.6243162582940616 0.5933104373834389 0.6243162582940616 0.6226771740218816 0.2509358326315114 0.6226771740218816
0 0.2569824792009454 0.66625362193699 0.6303629048634956 0.66625362193699 0.6303629048634956 0.6956203585754327 0.2569824792009454 0.6956203585754327
0 0.23733087785028487 0.7088827557669873 0.6107113035128351 0.7088827557669873 0.6107113035128351 0.73824949240543 0.23733087785028487 0.73824949240543
0 0.24640084770443582 0.7770893698949835 0.619781273366986 0.7770893698949835 0.619781273366986 0.8064561065334263 0.24640084770443582 0.8064561065334263
0 0.24640084770443582 0.8235077600654251 0.619781273366986 0.8235077600654251 0.619781273366986 0.852874496703868 0.24640084770443582 0.852874496703868
0 0.28268072712103826 0.23617302729657103 0.7104809719084959 0.23617302729657103 0.7104809719084959 0.2655397639350136 0.28268072712103826 0.2655397639350136
0 0.2796574038363212 0.2797494752116795 0.7074576486237788 0.2797494752116795 0.7074576486237788 0.30911621185012206 0.2796574038363212 0.30911621185012206
0 0.29175069697518924 0.3460614611694533 0.7195509417626469 0.3460614611694533 0.7195509417626469 0.3754281978078958 0.29175069697518924 0.3754281978078958
0 0.2857040504057552 0.3915325372547839 0.7135042951932128 0.3915325372547839 0.7135042951932128 0.4208992738932264 0.2857040504057552 0.4208992738932264
0 0.2796574038363212 0.46352840772322407 0.7074576486237788 0.46352840772322407 0.7074576486237788 0.49289514436166665 0.2796574038363212 0.49289514436166665
0 0.2857040504057552 0.5080521697234436 0.7135042951932128 0.5080521697234436 0.7135042951932128 0.5374189063618862 0.2857040504057552 0.5374189063618862
0 0.2751224189092457 0.5762587838514395 0.7029226636967034 0.5762587838514395 0.7029226636967034 0.605625520489882 0.2751224189092457 0.605625520489882
0 0.2811690654786797 0.617940603596326 0.7089693102661373 0.617940603596326 0.7089693102661373 0.6473073402347684 0.2811690654786797 0.6473073402347684
0 0.2766340805516042 0.6899364740647662 0.7044343253390619 0.6899364740647662 0.7044343253390619 0.7193032107032089 0.2766340805516042 0.7193032107032089
0 0.27512241890924566 0.7297236656394305 0.7029226636967033 0.7297236656394305 0.7029226636967033 0.759090402277873 0.27512241890924566 0.759090402277873
0 0.2781457421939626 0.8026668501929816 0.7059459869814202 0.8026668501929816 0.7059459869814202 0.832033586831424 0.2781457421939626 0.832033586831424
0 0.28419238876339664 0.8462432981080901 0.7119926335508543 0.8462432981080901 0.7119926335508543 0.8756100347465327 0.28419238876339664 0.8756100347465327
0 0.4414051995686828 0.8683233421695633 0.5033833269053815 0.8683233421695633 0.5033833269053815 0.8929535083824506 0.4414051995686828 0.8929535083824506
0 0.44594018449575823 0.7584349082966808 0.5079183118324568 0.7584349082966808 0.5079183118324568 0.7830650745095681 0.44594018449575823 0.7830650745095681
0 0.44442852285339973 0.6466518462535764 0.5064066501900985 0.6466518462535764 0.5064066501900985 0.6712820124664637 0.44442852285339973 0.6712820124664637
0 0.44140519956868274 0.5358160982955831 0.5033833269053813 0.5358160982955831 0.5033833269053813 0.5604462645084703 0.44140519956868274 0.5604462645084703
0 0.4489635077804752 0.4259276644227007 0.5109416351171738 0.4259276644227007 0.5109416351171738 0.45055783063558796 0.4489635077804752 0.45055783063558796
0 0.4519868310651922 0.31224997420937406 0.5139649584018909 0.31224997420937406 0.5139649584018909 0.33688014042226133 0.4519868310651922 0.33688014042226133
