0 0.19918576540833915 0.1020429246211154 0.5088738812375591 0.1020429246211154 0.5088738812375591 0.12944252337013357 0.19918576540833915 0.12944252337013357
0 0.25056583917091424 0.12458130423724327 0.6250069246735164 0.12458130423724327 0.6250069246735164 0.15153897397418048 0.25056583917091424 0.15153897397418048
0 0.20059343866210833 0.14270039373256171 0.5102815544913282 0.14270039373256171 0.5102815544913282 0.169216134457418 0.20059343866210833 0.169216134457418
0 0.24986200254402965 0.16391298631244675 0.61022635550894 0.16391298631244675 0.61022635550894 0.1886610109889793 0.24986200254402965 0.1886610109889793
0 0.19425890902014697 0.1789385727231986 0.5271736335365584 0.1789385727231986 0.5271736335365584 0.20324466838765026 0.19425890902014697 0.20324466838765026
0 0.25056583917091424 0.20280273937556934 0.6095225188820553 0.20280273937556934 0.6095225188820553 0.22976040911250653 0.25056583917091424 0.22976040911250653
0 0.3666988826068716 0.2213637578829687 0.4328595255340233 0.2213637578829687 0.4328595255340233 0.2487633566319868 0.3666988826068716 0.2487633566319868
0 0.19496274564703156 0.24125056342661094 0.5067623713569052 0.24125056342661094 0.5067623713569052 0.26776630415146724 0.19496274564703156 0.26776630415146724
0 0.2533811856784526 0.25804386588568656 0.6017803159863249 0.25804386588568656 0.6017803159863249 0.283675748586381 0.2533811856784526 0.283675748586381
0 0.1921473991394932 0.27837260044140977 0.501835514968713 0.27837260044140977 0.501835514968713 0.30400448314210415 0.1921473991394932 0.30400448314210415
0 0.2533811856784526 0.3004690510454567 0.606707172374517 0.3004690510454567 0.606707172374517 0.32300743066158444 0.2533811856784526 0.32300743066158444
0 0.1935550723932624 0.3181462115286942 0.5060585347300206 0.3181462115286942 0.5060585347300206 0.34245230719314573 0.1935550723932624 0.34245230719314573
0 0.36951422911441006 0.33759108806025545 0.427932669145831 0.33759108806025545 0.427932669145831 0.3601294676763834 0.36951422911441006 0.3601294676763834
0 0.19003588925883946 0.3583617516280595 0.5496964055968652 0.3583617516280595 0.5496964055968652 0.3791324151958633 0.19003588925883946 0.3791324151958633
0 0.2519735124246834 0.3778066281596209 0.6067071723745169 0.3778066281596209 0.6067071723745169 0.39636764666702023 0.2519735124246834 0.39636764666702023
0 0.19848192878145454 0.3972515046911821 0.551807915477519 0.3972515046911821 0.551807915477519 0.41669638122274333 0.19848192878145454 0.41669638122274333
0 0.25760420543976015 0.41316094912609586 0.6123378653895937 0.41316094912609586 0.6123378653895937 0.43702511577846653 0.25760420543976015 0.43702511577846653
0 0.1886282160050702 0.43437354170598086 0.5532155887312881 0.43437354170598086 0.5532155887312881 0.4551442052737849 0.1886282160050702 0.4551442052737849
0 0.25478885893222175 0.4520507021892184 0.6052994991207478 0.4520507021892184 0.6052994991207478 0.4754729398295081 0.25478885893222175 0.4754729398295081
0 0.19496274564703156 0.4710536497086988 0.5701076677765183 0.4710536497086988 0.5701076677765183 0.49403395833690766 0.19496274564703156 0.49403395833690766
0 0.24704665603649129 0.4904985262402601 0.6060033357476323 0.4904985262402601 0.6060033357476323 0.5165723379530354 0.24704665603649129 0.5165723379530354
0 0.19707425552768534 0.5072918286993356 0.5475848957162114 0.5072918286993356 0.5475848957162114 0.5307140663396254 0.19707425552768534 0.5307140663396254
0 0.24563898278272212 0.526736705230897 0.6031879892400941 0.526736705230897 0.6031879892400941 0.5501589428711867 0.24563898278272212 0.5501589428711867
0 0.19707425552768534 0.5435300076899726 0.5377311829398272 0.5435300076899726 0.5377311829398272 0.5678361033544242 0.19707425552768534 0.5678361033544242
0 0.2519735124246834 0.5638587422456958 0.6088186822551709 0.5638587422456958 0.6088186822551709 0.5850713348255808 0.2519735124246834 0.5850713348255808
0 0.1872205427513011 0.584187476801419 0.5264697969096738 0.584187476801419 0.5264697969096738 0.6040742823450611 0.1872205427513011 0.6040742823450611
0 0.2505658391709141 0.6014227082725746 0.6081148456282858 0.6014227082725746 0.6081148456282858 0.6230772298645416 0.2505658391709141 0.6230772298645416
0 0.3681065558606409 0.6230772298645415 0.4230058127576389 0.6230772298645415 0.4230058127576389 0.6442898224444265 0.3681065558606409 0.6442898224444265
0 0.1851090328706473 0.6394286033115362 0.49831633183429014 0.6394286033115362 0.49831633183429014 0.6637346989759878 0.1851090328706473 0.6637346989759878
0 0.24211979964829916 0.6575476928068547 0.598261132851902 0.6575476928068547 0.598261132851902 0.6858311495800347 0.24211979964829916 0.6858311495800347
0 0.1851090328706473 0.6747829242780112 0.49198180219232884 0.6747829242780112 0.49198180219232884 0.705717955123677 0.1851090328706473 0.705717955123677
0 0.3638835360993333 0.699089019942463 0.44130556505663826 0.699089019942463 0.44130556505663826 0.7247209026431574 0.3638835360993333 0.7247209026431574
0 0.18792437937818568 0.7180919674619433 0.4905741289385597 0.7180919674619433 0.4905741289385597 0.7423980631263948 0.18792437937818568 0.7423980631263948
0 0.24915816591714507 0.7419561341143139 0.6031879892400941 0.7419561341143139 0.6031879892400941 0.7614010106458752 0.24915816591714507 0.7614010106458752
0 0.3659950459799871 0.7596332945975512 0.4215981395038697 0.7596332945975512 0.4215981395038697 0.7839393902620029 0.3659950459799871 0.7839393902620029
0 0.7249517256911282 0.8268065044338541 0.7685895965579729 0.8268065044338541 0.7685895965579729 0.8519964581224675 0.7249517256911282 0.8519964581224675
