0 0.22817923841351623 0.21498404856811745 0.7640390788506877 0.21498404856811745 0.7640390788506877 0.24410032056456407 0.22817923841351623 0.24410032056456407
0 0.24056906131379732 0.23827706616527408 0.8435404424608267 0.23827706616527408 0.8435404424608267 0.26545225336195744 0.24056906131379732 0.26545225336195744
0 0.21578941551323438 0.26027602722925586 0.7722989607842086 0.26027602722925586 0.7722989607842086 0.2874512144259392 0.21578941551323438 0.2874512144259392
0 0.2508939137306986 0.2822749882932376 0.8425079572191366 0.2822749882932376 0.8425079572191366 0.30945017548992093 0.2508939137306986 0.30945017548992093
0 0.22611426793013523 0.3308021082873146 0.7371944625667445 0.3308021082873146 0.7371944625667445 0.35797729548399787 0.22611426793013523 0.35797729548399787
0 0.24676397276393788 0.35280106935129774 0.8394105014940664 0.35280106935129774 0.8394105014940664 0.3799762565479811 0.24676397276393788 0.3799762565479811
0 0.19410722543774184 0.3767411152150413 0.7351294920833643 0.3767411152150413 0.7351294920833643 0.40391630241172455 0.19410722543774184 0.40391630241172455
0 0.23953657607210713 0.39679899147926057 0.8383780162523761 0.39679899147926057 0.8383780162523761 0.42397417867594395 0.23953657607210713 0.42397417867594395
0 0.21888687123830458 0.4433850266735739 0.7599091378839272 0.4433850266735739 0.7599091378839272 0.47056021387025715 0.21888687123830458 0.47056021387025715
0 0.23540663510534668 0.4640899312043823 0.845605412944207 0.4640899312043823 0.845605412944207 0.4912651184010657 0.23540663510534668 0.4912651184010657
0 0.20649704833802368 0.48544186400177547 0.7537142264337864 0.48544186400177547 0.7537142264337864 0.5126170511984588 0.20649704833802368 0.5126170511984588
0 0.2343741498636566 0.507440825065758 0.8445729277025169 0.507440825065758 0.8445729277025169 0.5346160122624414 0.2343741498636566 0.5346160122624414
0 0.5079827389115383 0.31268531682286044 0.5678668829295652 0.31268531682286044 0.5678668829295652 0.3320961648204915 0.5079827389115383 0.3320961648204915
0 0.5038527979447779 0.4252682352091206 0.5627044567211145 0.4252682352091206 0.5627044567211145 0.4440320549401639 0.5038527979447779 0.4440320549401639
0 0.23024420889689595 0.55208577546031 0.7340970068416727 0.55208577546031 0.7340970068416727 0.5792609626569932 0.23024420889689595 0.5792609626569932
0 0.23747160558872693 0.5740847365242915 0.8476703834275874 0.5740847365242915 0.8476703834275874 0.6012599237209749 0.23747160558872693 0.6012599237209749
0 0.2157894155132341 0.5947896410550977 0.7330645215999843 0.5947896410550977 0.7330645215999843 0.621964828251781 0.2157894155132341 0.621964828251781
0 0.23540663510534668 0.6193767151854305 0.845605412944207 0.6193767151854305 0.845605412944207 0.6465519023821139 0.23540663510534668 0.6465519023821139
0 0.2271467531718254 0.6607865242470438 0.7413244035335037 0.6607865242470438 0.7413244035335037 0.6879617114437271 0.2271467531718254 0.6879617114437271
0 0.22921172365520603 0.6801973722446744 0.8394105014940664 0.6801973722446744 0.8394105014940664 0.7073725594413578 0.22921172365520603 0.7073725594413578
0 0.21682190075492425 0.7034903898418317 0.7413244035335051 0.7034903898418317 0.7413244035335051 0.730665577038515 0.21682190075492425 0.730665577038515
0 0.23953657607210715 0.7261363791724014 0.8497353539109676 0.7261363791724014 0.8497353539109676 0.7533115663690848 0.23953657607210715 0.7533115663690848
0 0.23024420889689584 0.7714283578335404 0.7609416231256169 0.7714283578335404 0.7609416231256169 0.7986035450302236 0.23024420889689584 0.7986035450302236
0 0.22921172365520603 0.7947213754306975 0.8394105014940664 0.7947213754306975 0.8394105014940664 0.821896562627381 0.22921172365520603 0.821896562627381
0 0.2054645630963327 0.8141322234283288 0.7547467116754766 0.8141322234283288 0.7547467116754766 0.8413074106250122 0.2054645630963327 0.8413074106250122
0 0.24779645800562822 0.8348371279591351 0.8383780162523757 0.8348371279591351 0.8383780162523757 0.8620123151558184 0.24779645800562822 0.8620123151558184
0 0.4955929160112569 0.5378511535953808 0.5627044567211146 0.5378511535953808 0.5627044567211146 0.5540268602600733 0.4955929160112569 0.5540268602600733
0 0.49043048980280624 0.6413756762494133 0.575094279621396 0.6413756762494133 0.575094279621396 0.667903835179509 0.49043048980280624 0.667903835179509
0 0.4924954602861866 0.7558996794354362 0.5668343976878751 0.7558996794354362 0.5668343976878751 0.7720753861001288 0.4924954602861866 0.7720753861001288
0 0.4924954602861861 0.862012315155819 0.5554770600292839 0.862012315155819 0.5554770600292839 0.8898345306190905 0.4924954602861861 0.8898345306190905
