0 0.5299280453881243 0.34537641999220403 0.7369117054691329 0.34537641999220403 0.7369117054691329 0.38687034272847337 0.5299280453881243 0.38687034272847337
0 0.5748160680562949 0.3853045343233311 0.6583576657998346 0.3853045343233311 0.6583576657998346 0.4111403730081781 0.5748160680562949 0.4111403730081781
0 0.592272521316139 0.8018095700911667 0.6521232182070329 0.8018095700911667 0.6521232182070329 0.8292112171811558 0.592272521316139 0.8292112171811558
0 0.5860380737233375 0.7086439699852033 0.6458887706142317 0.7086439699852033 0.6458887706142317 0.7250849582391969 0.5860380737233375 0.7250849582391969
0 0.604741416501742 0.6068664236509579 0.6409012125399902 0.6068664236509579 0.6409012125399902 0.6295706455255203 0.604741416501742 0.6295706455255203
0 0.5985069689089403 0.504305973114141 0.6433949915771109 0.504305973114141 0.6433949915771109 0.5285760033938457 0.5985069689089403 0.5285760033938457
0 0.42518932582905977 0.41270618141332027 0.7244428102835302 0.41270618141332027 0.7244428102835302 0.4408907327058806 0.42518932582905977 0.4408907327058806
0 0.42518932582905966 0.45106848733930505 0.72444281028353 0.45106848733930505 0.72444281028353 0.47925303863186536 0.42518932582905966 0.47925303863186536
0 0.4214486572733788 0.5207469613681346 0.7207021417278492 0.5207469613681346 0.7207021417278492 0.5489315126606948 0.4214486572733788 0.5489315126606948
0 0.4239424363104994 0.5638066925095463 0.7231959207649697 0.5638066925095463 0.7231959207649697 0.5919912438021067 0.4239424363104994 0.5919912438021067
0 0.40897976208777587 0.6225245077023802 0.7082332465422462 0.6225245077023802 0.7082332465422462 0.6507090589949406 0.40897976208777587 0.6507090589949406
0 0.41770798871769793 0.6648013346412207 0.7169614731721683 0.6648013346412207 0.7169614731721683 0.6929858859337811 0.41770798871769793 0.6929858859337811
0 0.4301768839033008 0.7243020540366256 0.7294303683577711 0.7243020540366256 0.7294303683577711 0.7524866053291861 0.4301768839033008 0.7524866053291861
0 0.43516444197754206 0.765013072570324 0.7344179264320124 0.765013072570324 0.7344179264320124 0.7931976238628844 0.43516444197754206 0.7931976238628844
0 0.4700773484972285 0.43306169068016714 0.8129719661013105 0.43306169068016714 0.8129719661013105 0.46124624197272734 0.4700773484972285 0.46124624197272734
0 0.4625960113858667 0.4761214218215786 0.8054906289899487 0.4761214218215786 0.8054906289899487 0.5043059731141388 0.4625960113858667 0.5043059731141388
0 0.463842900904427 0.5426682790401237 0.806737518508509 0.5426682790401237 0.806737518508509 0.570852830332684 0.463842900904427 0.570852830332684
0 0.4675835694601077 0.5802476807635375 0.8104781870641897 0.5802476807635375 0.8104781870641897 0.6084322320560976 0.4675835694601077 0.6084322320560976
0 0.4663366799415477 0.6452287295769403 0.8092312975456297 0.6452287295769403 0.8092312975456297 0.6734132808695007 0.4663366799415477 0.6734132808695007
0 0.46508979042298726 0.6859397481106387 0.8079844080270693 0.6859397481106387 0.8079844080270693 0.714124299403199 0.46508979042298726 0.714124299403199
0 0.4725711275343488 0.7462233717086144 0.8154657451384308 0.7462233717086144 0.8154657451384308 0.7744079230011747 0.4725711275343488 0.7744079230011747
0 0.46134912186730637 0.7853685818371707 0.8042437394713884 0.7853685818371707 0.8042437394713884 0.8135531331297311 0.46134912186730637 0.8135531331297311
