0 0.38647482509886644 0.06148068412370744 0.677450079516932 0.06148068412370744 0.677450079516932 0.11045682232394896 0.38647482509886644 0.11045682232394896
0 0.18353823740216435 0.12296136824741488 0.947534802848572 0.12296136824741488 0.947534802848572 0.1625590970050569 0.18353823740216435 0.1625590970050569
0 0.18204605661027684 0.15109659657521327 0.9430582604729093 0.15109659657521327 0.9430582604729093 0.18444205237112243 0.18204605661027684 0.18444205237112243
0 0.18204605661027684 0.1729795519412786 0.941566079681022 0.1729795519412786 0.941566079681022 0.21153523520529854 0.18204605661027684 0.21153523520529854
0 0.18503041819405186 0.2011147802690769 0.298436158377503 0.2011147802690769 0.298436158377503 0.23550228155860817 0.18503041819405186 0.23550228155860817
0 0.1745851526508393 0.22925000859687514 0.9355973565134718 0.22925000859687514 0.9355973565134718 0.2751000103162502 0.1745851526508393 0.2751000103162502
0 0.17756951423461423 0.2646795553800287 0.938581718097247 0.2646795553800287 0.938581718097247 0.3011511476568043 0.17756951423461423 0.3011511476568043
0 0.18055387581838928 0.2917727382142048 0.9355973565134719 0.2917727382142048 0.9355973565134719 0.3313704669718469 0.18055387581838928 0.3313704669718469
0 0.17458515265083915 0.3209500120356252 0.9385817180972469 0.3209500120356252 0.9385817180972469 0.3574216043124009 0.17458515265083915 0.3574216043124009
0 0.1656320678995142 0.34387501289531286 0.9296286333459219 0.34387501289531286 0.9296286333459219 0.3897250146146878 0.1656320678995142 0.3897250146146878
0 0.17160079106706422 0.3813886506657106 0.7595200230707452 0.3813886506657106 0.7595200230707452 0.4032716060317759 0.17160079106706422 0.4032716060317759
0 0.16115552552385165 0.40848183349988676 0.9236599101783718 0.40848183349988676 0.9236599101783718 0.44599547127028466 0.16115552552385165 0.44599547127028466
0 0.16712424869140166 0.4345329708404408 0.7610122038626327 0.4345329708404408 0.7610122038626327 0.46683638114272774 0.16712424869140166 0.46683638114272774
0 0.17309297185895173 0.47308865410446077 0.9266442717621469 0.47308865410446077 0.9266442717621469 0.5085182008876141 0.17309297185895173 0.5085182008876141
0 0.17010861027517674 0.49080342749603734 0.9311208141378094 0.49080342749603734 0.9311208141378094 0.5376954747090347 0.17010861027517674 0.5376954747090347
0 0.1566789831481891 0.5241488832919465 0.9355973565134719 0.5241488832919465 0.9355973565134719 0.5658307030368329 0.1566789831481891 0.5658307030368329
0 0.15220244077252654 0.5449897931643897 0.9251520909702593 0.5449897931643897 0.9251520909702593 0.5877136584028982 0.15220244077252654 0.5877136584028982
0 0.15518680235630158 0.5783352489602989 0.6699891755574943 0.5783352489602989 0.6699891755574943 0.6137647957434523 0.15518680235630158 0.6137647957434523
0 0.16115552552385165 0.6148068412370745 0.9266442717621469 0.6148068412370745 0.9266442717621469 0.6544045699947164 0.16115552552385165 0.6544045699947164
0 0.16413988710762678 0.639815933084006 0.929628633345922 0.639815933084006 0.929628633345922 0.6773295708544039 0.16413988710762678 0.6773295708544039
0 0.15518680235630158 0.6658670704245603 0.6714813563493818 0.6658670704245603 0.6714813563493818 0.7065068446758245 0.15518680235630158 0.7065068446758245
0 0.15518680235630158 0.7040590798113061 0.9400738988891345 0.7040590798113061 0.9400738988891345 0.7394886265944597 0.15518680235630158 0.7394886265944597
0 0.16264770631573913 0.7290681716582382 0.27456126570730277 0.7290681716582382 0.27456126570730277 0.7540772635051701 0.16264770631573913 0.7540772635051701
0 0.16413988710762667 0.7624136274541474 0.917691187010822 0.7624136274541474 0.917691187010822 0.8082636291735223 0.16413988710762667 0.8082636291735223
0 0.08803866672136339 0.8113897656543889 0.22830366115878983 0.8113897656543889 0.22830366115878983 0.8457772669439202 0.08803866672136339 0.8457772669439202
0 0.7475825767356451 0.8207681750969884 0.9132146446351593 0.8207681750969884 0.9132146446351593 0.8520295399056531 0.7475825767356451 0.8520295399056531
