0 0.18996891244555653 0.10124826629680997 0.6847716611409594 0.10124826629680997 0.6847716611409594 0.13730929264909847 0.18996891244555653 0.13730929264909847
0 0.23635667013575057 0.1289875173370319 0.7731292948365671 0.1289875173370319 0.7731292948365671 0.15256588072122051 0.23635667013575057 0.15256588072122051
0 0.20764043918467806 0.14701803051317613 0.6781448386137888 0.14701803051317613 0.6781448386137888 0.17475728155339804 0.20764043918467806 0.17475728155339804
0 0.24298349266292113 0.1678224687933426 0.7620845906246162 0.1678224687933426 0.7620845906246162 0.19694868238557559 0.24298349266292113 0.19694868238557559
0 0.20984938002706827 0.18169209431345354 0.6582643710322773 0.18169209431345354 0.6582643710322773 0.2108183079056865 0.20984938002706827 0.2108183079056865
0 0.2429065471107306 0.20396434840279554 0.7694555219035568 0.20396434840279554 0.7694555219035568 0.23522571321146035 0.2429065471107306 0.23522571321146035
0 0.20066193022190792 0.22669988644546085 0.6774226065386215 0.22669988644546085 0.6774226065386215 0.25227736674345935 0.20066193022190792 0.25227736674345935
0 0.4496034226024704 0.2532246808285704 0.5340926563801158 0.2532246808285704 0.5340926563801158 0.2731182766159025 0.4496034226024704 0.2731182766159025
0 0.20971434812665538 0.2693290202754582 0.6789313428560788 0.2693290202754582 0.6789313428560788 0.2958538146585676 0.20971434812665538 0.2958538146585676
0 0.24743275606310453 0.28827530197767937 0.7649293129511829 0.28827530197767937 0.7649293129511829 0.314800096360789 0.24743275606310453 0.314800096360789
0 0.19160951231716017 0.30627426959478943 0.6849662881259113 0.30627426959478943 0.6849662881259113 0.3327990639778989 0.19160951231716017 0.3327990639778989
0 0.24290654711073065 0.3318517498927879 0.7649293129511829 0.3318517498927879 0.7649293129511829 0.36027117244611956 0.24290654711073065 0.36027117244611956
0 0.4571471041897602 0.35174534568012006 0.5159878205706203 0.35174534568012006 0.5159878205706203 0.37448088372278543 0.4571471041897602 0.37448088372278543
0 0.2051881391742818 0.36784968512700794 0.6547915617767521 0.36784968512700794 0.6547915617767521 0.39721642176545063 0.2051881391742818 0.39721642176545063
0 0.24592401974564626 0.390585223169673 0.7754904671733874 0.390585223169673 0.7754904671733874 0.41426807529744936 0.24592401974564626 0.41426807529744936
0 0.2172580297139454 0.403847620361228 0.6366867259672566 0.403847620361228 0.6366867259672566 0.4341616710847817 0.2172580297139454 0.4341616710847817
0 0.22781918393615108 0.4284777865741155 0.7649293129511828 0.4284777865741155 0.7649293129511828 0.4568972091274471 0.22781918393615108 0.4568972091274471
0 0.4526208952373863 0.4531079527870029 0.5220227658404522 0.4531079527870029 0.5220227658404522 0.4739488626594461 0.4526208952373863 0.4739488626594461
0 0.20367940285682384 0.46826497814877976 0.6744051339037055 0.46826497814877976 0.6744051339037055 0.4947897725318893 0.20367940285682384 0.4947897725318893
0 0.24290654711073065 0.4910005161914451 0.7724729945384727 0.4910005161914451 0.7724729945384727 0.5156306824043325 0.24290654711073065 0.5156306824043325
0 0.2202755023488613 0.506157541553222 0.6864750244433692 0.506157541553222 0.6864750244433692 0.5364715922767757 0.2202755023488613 0.5364715922767757
0 0.22781918393615108 0.5279457655107762 0.7800166761257624 0.5279457655107762 0.7800166761257624 0.5563651880641078 0.22781918393615108 0.5563651880641078
0 0.4586558405072181 0.5525759317236636 0.5205140295229942 0.5525759317236636 0.5205140295229942 0.5743641556812179 0.4586558405072181 0.5743641556812179
0 0.2142405570790295 0.5705748993407737 0.6713876612687897 0.5705748993407737 0.6713876612687897 0.5942577514685501 0.2142405570790295 0.5942577514685501
0 0.24290654711073065 0.5942577514685501 0.7649293129511829 0.5942577514685501 0.7649293129511829 0.6141513472558822 0.24290654711073065 0.6141513472558822
0 0.2142405570790295 0.6122567190856602 0.6834575518084534 0.6122567190856602 0.6834575518084534 0.6330976289581033 0.2142405570790295 0.6330976289581033
0 0.23988907447581473 0.6330976289581033 0.7588943676813511 0.6330976289581033 0.7588943676813511 0.6577277951709908 0.23988907447581473 0.6577277951709908
0 0.4601645768246761 0.6539385388305464 0.5144790842531626 0.6539385388305464 0.5144790842531626 0.6747794487029898 0.4601645768246761 0.6747794487029898
0 0.21424055707902925 0.6719375064476565 0.6894924970782844 0.6719375064476565 0.6894924970782844 0.6946730444903207 0.21424055707902925 0.6946730444903207
0 0.24139781079327263 0.6804633332136562 0.764929312951183 0.6804633332136562 0.764929312951183 0.7136193261925429 0.24139781079327263 0.7136193261925429
0 0.2202755023488613 0.7098300698520987 0.6653527159989577 0.7098300698520987 0.6653527159989577 0.7363548642352084 0.2202755023488613 0.7363548642352084
0 0.23385412920598292 0.7306709797245418 0.760403103998809 0.7306709797245418 0.760403103998809 0.7571957741076514 0.23385412920598292 0.7571957741076514
0 0.45563836787230216 0.7543538318523182 0.5250402384753681 0.7543538318523182 0.5250402384753681 0.7770893698949835 0.45563836787230216 0.7770893698949835
0 0.8018455257876398 0.8294036061026353 0.8703226919017356 0.8294036061026353 0.8703226919017356 0.8654646324549238 0.8018455257876398 0.8654646324549238
