0 0.27585186197013073 0.2134159593883355 0.7339042079503657 0.2134159593883355 0.7339042079503657 0.24884550617148887 0.27585186197013073 0.24884550617148887
0 0.2950539605559592 0.25389210666126244 0.7531063065361941 0.25389210666126244 0.7531063065361941 0.28932165344441585 0.2950539605559592 0.28932165344441585
0 0.2909392251447102 0.30986975714509746 0.7489915711249452 0.30986975714509746 0.7489915711249452 0.34529930392825087 0.2909392251447102 0.34529930392825087
0 0.28956764667429397 0.35379068290933724 0.7476199926545289 0.35379068290933724 0.7476199926545289 0.3892202296924906 0.28956764667429397 0.3892202296924906
0 0.2785950189109634 0.41579669575296985 0.7366473648911984 0.41579669575296985 0.7366473648911984 0.45122624253612326 0.2785950189109634 0.45122624253612326
0 0.2772234404405471 0.4588564268943815 0.7352757864207822 0.4588564268943815 0.7352757864207822 0.49428597367753485 0.2772234404405471 0.49428597367753485
0 0.27996659738137963 0.5010549634129648 0.7380189433616147 0.5010549634129648 0.7380189433616147 0.5364845101961182 0.27996659738137963 0.5364845101961182
0 0.29368238208554376 0.564783365502254 0.786024189826186 0.564783365502254 0.786024189826186 0.6002129122854074 0.29368238208554376 0.6002129122854074
0 0.32385710843470233 0.2340846303362132 0.8107126022936799 0.2340846303362132 0.8107126022936799 0.2695141771193666 0.32385710843470233 0.2695141771193666
0 0.326600265375535 0.2719771937406554 0.8134557592345126 0.2719771937406554 0.8134557592345126 0.30740674052380873 0.326600265375535 0.30740674052380873
0 0.32522868690511864 0.3348444012071164 0.8120841807640963 0.3348444012071164 0.8120841807640963 0.37027394799026975 0.32522868690511864 0.37027394799026975
0 0.3266002653755351 0.37445935385721507 0.8134557592345127 0.37445935385721507 0.8134557592345127 0.4098889006403685 0.3266002653755351 0.4098889006403685
0 0.3197423730234533 0.4373265613236759 0.806597866882431 0.4373265613236759 0.806597866882431 0.4727561081068293 0.3197423730234533 0.4727561081068293
0 0.3266002653755351 0.4778027085966028 0.8134557592345127 0.4778027085966028 0.8134557592345127 0.5132322553797561 0.3266002653755351 0.5132322553797561
0 0.322485529964286 0.5243072182293274 0.8093410238232636 0.5243072182293274 0.8093410238232636 0.5597367650124807 0.322485529964286 0.5597367650124807
0 0.3127198912549215 0.5882724488398938 0.8517502301285362 0.5882724488398938 0.8517502301285362 0.6158306767703973 0.3127198912549215 0.6158306767703973
0 0.27980200796492977 0.6098023144105997 0.7955155128414672 0.6098023144105997 0.7955155128414672 0.6339157638497901 0.27980200796492977 0.6339157638497901
0 0.32643567595908474 0.6304709853584772 0.8490070731877034 0.6304709853584772 0.8490070731877034 0.6580292132889807 0.32643567595908474 0.6580292132889807
0 0.5239429756990351 0.6502784616835265 0.591150320749435 0.6502784616835265 0.591150320749435 0.6726695218770606 0.5239429756990351 0.6726695218770606
0 0.29077463572826034 0.6692247433857478 0.7433955309656468 0.6692247433857478 0.7433955309656468 0.6933381928249384 0.29077463572826034 0.6933381928249384
0 0.31820620513658676 0.6881710250879688 0.8435207593060381 0.6881710250879688 0.8435207593060381 0.7105620852815026 0.31820620513658676 0.7105620852815026
0 0.289403057257844 0.7131456691499874 0.7269365893206509 0.7131456691499874 0.7269365893206509 0.7312307562293803 0.289403057257844 0.7312307562293803
0 0.32917883289991734 0.7321684723004203 0.8572365440102016 0.7321684723004203 0.8572365440102016 0.7562819217396107 0.32917883289991734 0.7562819217396107
0 0.536287181932782 0.7519759486254696 0.591150320749435 0.7519759486254696 0.591150320749435 0.7769505926874882 0.536287181932782 0.7769505926874882
0 0.29214621419867665 0.7726446195733471 0.7091060692052386 0.7726446195733471 0.7091060692052386 0.7958968743897096 0.29214621419867665 0.7958968743897096
0 0.31820620513658676 0.794174485144053 0.8462639162468708 0.794174485144053 0.8462639162468708 0.8182879345832433 0.31820620513658676 0.8182879345832433
0 0.27705885102409716 0.8148431560919306 0.7145923830869041 0.8148431560919306 0.7145923830869041 0.8398178001539495 0.27705885102409716 0.8398178001539495
0 0.3236925190182521 0.8320670485484949 0.842149180835622 0.8320670485484949 0.842149180835622 0.8570416926105137 0.3236925190182521 0.8570416926105137
0 0.5184566618173699 0.8587640818561704 0.5925218992198512 0.8587640818561704 0.5925218992198512 0.8785715581812196 0.5184566618173699 0.8785715581812196
0 0.18927782891745248 0.9422999602705088 0.23728307538202376 0.9422999602705088 0.23728307538202376 0.9681357989553557 0.18927782891745248 0.9681357989553557
