0 0.7375306614261468 0.8364243876159146 0.7922977897498705 0.8364243876159146 0.7922977897498705 0.8673731387764927 0.7375306614261468 0.8673731387764927
0 0.17708038158004016 0.10511686019188243 0.5330667156842448 0.10511686019188243 0.5330667156842448 0.14179686156738247 0.17708038158004016 0.14179686156738247
0 0.17160366874766783 0.15096686191125755 0.5275900028518724 0.15096686191125755 0.5275900028518724 0.1876468632867576 0.17160366874766783 0.1876468632867576
0 0.16430138497117128 0.21515686431838263 0.5202877190753757 0.21515686431838263 0.5202877190753757 0.2518368656938827 0.16430138497117128 0.2518368656938827
0 0.16977809780354364 0.2598606159947732 0.5257644319077481 0.2598606159947732 0.5257644319077481 0.29654061737027326 0.16977809780354364 0.29654061737027326
0 0.16795252685941958 0.3217581183159296 0.5239388609636241 0.3217581183159296 0.5239388609636241 0.35843811969142964 0.16795252685941958 0.35843811969142964
0 0.1679525268594196 0.3710468701642578 0.5239388609636241 0.3710468701642578 0.5239388609636241 0.4077268715397579 0.1679525268594196 0.4077268715397579
0 0.17525481063591605 0.43065187239944536 0.5312411447401206 0.43065187239944536 0.5312411447401206 0.4673318737749454 0.17525481063591605 0.4673318737749454
0 0.16977809780354364 0.47764812416180485 0.5257644319077481 0.47764812416180485 0.5257644319077481 0.5143281255373049 0.16977809780354364 0.5143281255373049
0 0.15882467213879894 0.5395456264829611 0.5148110062430035 0.5395456264829611 0.5148110062430035 0.5762256278584612 0.15882467213879894 0.5762256278584612
0 0.16247581402704714 0.5865418782453204 0.5184621481312517 0.5865418782453204 0.5184621481312517 0.6232218796208205 0.16247581402704714 0.6232218796208205
0 0.16795252685941958 0.6564631308673675 0.5239388609636241 0.6564631308673675 0.5239388609636241 0.6931431322428676 0.16795252685941958 0.6931431322428676
0 0.17160366874766775 0.6977281324148052 0.5275900028518723 0.6977281324148052 0.5275900028518723 0.7344081337903052 0.17160366874766775 0.7344081337903052
0 0.24097536462438454 0.13377311126649186 0.6279964047786992 0.13377311126649186 0.6279964047786992 0.1624293623411013 0.24097536462438454 0.1624293623411013
0 0.24280093556850865 0.17962311298586695 0.6298219757228234 0.17962311298586695 0.6298219757228234 0.20827936406047637 0.24280093556850865 0.20827936406047637
0 0.24097536462438454 0.243813115392992 0.6279964047786992 0.243813115392992 0.6279964047786992 0.27246936646760145 0.24097536462438454 0.27246936646760145
0 0.24645207745675696 0.28622436698341397 0.6334731176110716 0.28622436698341397 0.6334731176110716 0.3148806180580234 0.24645207745675696 0.3148806180580234
0 0.24827764840088107 0.35270686947650787 0.6352986885551958 0.35270686947650787 0.6352986885551958 0.3813631205511173 0.24827764840088107 0.3813631205511173
0 0.24462650651263285 0.3974106211528984 0.6316475466669476 0.3974106211528984 0.6316475466669476 0.42606687222750783 0.24462650651263285 0.42606687222750783
0 0.24827764840088107 0.457015623388086 0.6352986885551958 0.457015623388086 0.6352986885551958 0.48567187446269544 0.24827764840088107 0.48567187446269544
0 0.2519287902891293 0.49942687497850796 0.638949830443444 0.49942687497850796 0.638949830443444 0.5280831260531174 0.2519287902891293 0.5280831260531174
0 0.25375436123325346 0.5682018775575706 0.6407754013875682 0.5682018775575706 0.6407754013875682 0.59685812863218 0.25375436123325346 0.59685812863218
0 0.2519287902891293 0.609466879105008 0.638949830443444 0.609466879105008 0.638949830443444 0.6381231301796173 0.2519287902891293 0.6381231301796173
0 0.2501032193450052 0.6770956316410863 0.6206941210022027 0.6770956316410863 0.6206941210022027 0.7068981327586802 0.2501032193450052 0.7068981327586802
0 0.2501032193450052 0.7240918834034457 0.6261708338345752 0.7240918834034457 0.6261708338345752 0.7481631343061176 0.2501032193450052 0.7481631343061176
0 0.37789318543369405 0.19681686363063258 0.45456716508690737 0.19681686363063258 0.45456716508690737 0.22661936474822644 0.37789318543369405 0.22661936474822644
0 0.37606761448956993 0.30914936784310143 0.4472648813104108 0.30914936784310143 0.4472648813104108 0.33436686878875777 0.37606761448956993 0.33436686878875777
0 0.3742420435454457 0.4146043717976642 0.4363114556456661 0.4146043717976642 0.4363114556456661 0.4409681227863048 0.3742420435454457 0.4409681227863048
0 0.377893185433694 0.5246443759241642 0.4399625975339142 0.5246443759241642 0.4399625975339142 0.5475693767838519 0.377893185433694 0.5475693767838519
0 0.3724164726013217 0.6381231301796175 0.43813702658979026 0.6381231301796175 0.43813702658979026 0.664486881168258 0.3724164726013217 0.664486881168258
0 0.37059090165719766 0.7493093843491023 0.44178816847803853 0.7493093843491023 0.44178816847803853 0.7733806352517743 0.37059090165719766 0.7733806352517743
