0 0.36441774809913885 0.237953552031981 0.7194674306944439 0.237953552031981 0.7194674306944439 0.26442289021056875 0.36441774809913885 0.26442289021056875
0 0.400953203564091 0.2591290225748512 0.818768925035083 0.2591290225748512 0.818768925035083 0.28618656826851874 0.400953203564091 0.28618656826851874
0 0.3513024563937714 0.2814809081478809 0.7100993651906097 0.2814809081478809 0.7100993651906097 0.30324458620583095 0.3513024563937714 0.30324458620583095
0 0.4037636232152412 0.3055974162661498 0.8365682494923674 0.3055974162661498 0.8365682494923674 0.32618467929394024 0.4037636232152412 0.32618467929394024
0 0.5742624153850183 0.32853750935425924 0.6173555167026542 0.32853750935425924 0.6173555167026542 0.3485365648669701 0.5742624153850183 0.3485365648669701
0 0.3578601022464551 0.34971297989712957 0.7485084337563287 0.34971297989712957 0.7485084337563287 0.3755941105606375 0.3578601022464551 0.3755941105606375
0 0.3869011053083402 0.37030024292492003 0.8346946363916007 0.37030024292492003 0.8346946363916007 0.39853420364874703 0.3869011053083402 0.39853420364874703
0 0.3653545546495222 0.3955931660733484 0.7597501123609296 0.3955931660733484 0.7597501123609296 0.41676863661621855 0.3653545546495222 0.41676863661621855
0 0.39064833150987377 0.4126511840106605 0.8440627018954348 0.4126511840106605 0.8440627018954348 0.4450025973400456 0.39064833150987377 0.4450025973400456
0 0.5723888022842515 0.43676769212892935 0.6257867756561046 0.43676769212892935 0.6257867756561046 0.46029599273211846 0.5723888022842515 0.46029599273211846
0 0.36441774809913885 0.4538257100662415 0.7569396927097792 0.4538257100662415 0.7569396927097792 0.48147146327498874 0.36441774809913885 0.48147146327498874
0 0.39720597736255747 0.48382429333530763 0.8393786691435177 0.48382429333530763 0.8393786691435177 0.5002941037575401 0.39720597736255747 0.5002941037575401
0 0.3597337153472219 0.5020587263027793 0.7400771748028782 0.5020587263027793 0.7400771748028782 0.5255870269059685 0.3597337153472219 0.5255870269059685
0 0.38971152495949035 0.524410611875809 0.825326570887767 0.524410611875809 0.825326570887767 0.5426450448432806 0.38971152495949035 0.5426450448432806
0 0.5611471236796507 0.5449978749035995 0.6201659363538043 0.5449978749035995 0.6201659363538043 0.5661733454464697 0.5611471236796507 0.5661733454464697
0 0.3559864891456883 0.5644087229012306 0.7456980141051784 0.5644087229012306 0.7456980141051784 0.5897016460496589 0.3559864891456883 0.5897016460496589
0 0.38971152495949035 0.5861724009591804 0.8225161512366167 0.5861724009591804 0.8225161512366167 0.6138181541679278 0.38971152495949035 0.6138181541679278
0 0.3634809415487554 0.6085242865322102 0.7410139813532616 0.6085242865322102 0.7410139813532616 0.6344054171957181 0.3634809415487554 0.6344054171957181
0 0.39626917081217417 0.63087617210524 0.8178321184846997 0.63087617210524 0.8178321184846997 0.6585219253139873 0.39626917081217417 0.6585219253139873
0 0.5705151891834848 0.6608747553743061 0.6182923232530374 0.6608747553743061 0.6182923232530374 0.6773445657965385 0.5705151891834848 0.6773445657965385
0 0.36441774809913885 0.6761681507663792 0.7447612075547952 0.6761681507663792 0.7447612075547952 0.7032256964600466 0.36441774809913885 0.7032256964600466
0 0.39345875116102386 0.7008728663997278 0.8253265708877667 0.7008728663997278 0.8253265708877667 0.7267539970632356 0.39345875116102386 0.7267539970632356
0 0.3587969087968385 0.7191072993671993 0.731645915849428 0.7191072993671993 0.731645915849428 0.7449884300307072 0.3587969087968385 0.7449884300307072
0 0.3878379118587236 0.7426355999703884 0.8225161512366167 0.7426355999703884 0.8225161512366167 0.7649874855434182 0.3878379118587236 0.7649874855434182
0 0.5630207367804175 0.7685167306338967 0.6164187101522707 0.7685167306338967 0.6164187101522707 0.7902804086918467 0.5630207367804175 0.7902804086918467
0 0.36441774809913885 0.7855747485712086 0.7353931420509612 0.7855747485712086 0.7353931420509612 0.812632294264876 0.36441774809913885 0.812632294264876
0 0.3869011053083402 0.806750219114079 0.818768925035083 0.806750219114079 0.818768925035083 0.834395972322826 0.3869011053083402 0.834395972322826
0 0.3625441349983716 0.8296903122021883 0.7269618830975098 0.8296903122021883 0.7269618830975098 0.853218612805377 0.3625441349983716 0.853218612805377
0 0.39252194461064055 0.8520421977752183 0.8131480857327827 0.8520421977752183 0.8131480857327827 0.8767469134085668 0.39252194461064055 0.8767469134085668
0 0.559273510578884 0.8767469134085666 0.6220395494545712 0.8767469134085666 0.6220395494545712 0.8961577614061976 0.559273510578884 0.8961577614061976
0 0.15832030701479294 0.939096910007018 0.22202315244086349 0.939096910007018 0.22202315244086349 0.9667426632157652 0.15832030701479294 0.9667426632157652
