0 0.2191091572471314 0.217753120665742 0.5444530574019629 0.217753120665742 0.5444530574019629 0.24965325936199728 0.2191091572471314 0.24965325936199728
0 0.7299814070949212 0.9510238617997585 0.7865175525191294 0.9510238617997585 0.7865175525191294 0.9666545442040908 0.7299814070949212 0.9666545442040908
0 0.22115609827704902 0.26118974502188835 0.545407520562948 0.26118974502188835 0.545407520562948 0.2872408823624424 0.22115609827704902 0.2872408823624424
0 0.19953933679132244 0.33100679309457315 0.5237907590772213 0.33100679309457315 0.5237907590772213 0.35705793043512724 0.19953933679132244 0.35705793043512724
0 0.2012021645979168 0.37477270382670397 0.5254535868838155 0.37477270382670397 0.5254535868838155 0.400823841167258 0.2012021645979168 0.400823841167258
0 0.22115609827704902 0.44042156992489995 0.5454075205629478 0.44042156992489995 0.5454075205629478 0.466472707265454 0.22115609827704902 0.466472707265454
0 0.20452782021110547 0.48522952615065296 0.5287792424970044 0.48522952615065296 0.5287792424970044 0.511280663491207 0.20452782021110547 0.511280663491207
0 0.19621368117813373 0.5269113458955392 0.5204651034640325 0.5269113458955392 0.5204651034640325 0.5529624832360933 0.19621368117813373 0.5529624832360933
0 0.2012021645979168 0.57067725662767 0.5254535868838155 0.57067725662767 0.5254535868838155 0.5967283939682241 0.2012021645979168 0.5967283939682241
0 0.19455085337153938 0.6102749853853121 0.5188022756574382 0.6102749853853121 0.5188022756574382 0.6363261227258661 0.19455085337153938 0.6363261227258661
0 0.2028649924045111 0.6780079424707525 0.5271164146904099 0.6780079424707525 0.5271164146904099 0.7040590798113066 0.2028649924045111 0.7040590798113066
0 0.20619064801769985 0.7217738532028831 0.5304420703035987 0.7217738532028831 0.5304420703035987 0.7478249905434372 0.20619064801769985 0.7478249905434372
0 0.19621368117813373 0.7676238549222584 0.5204651034640325 0.7676238549222584 0.5204651034640325 0.7936749922628124 0.19621368117813373 0.7936749922628124
0 0.19787650898472808 0.8072215836799004 0.5221279312706268 0.8072215836799004 0.5221279312706268 0.8332727210204545 0.19787650898472808 0.8332727210204545
0 0.27436658808806835 0.8311886300332101 0.6152462884399109 0.8311886300332101 0.6152462884399109 0.8582818128673861 0.27436658808806835 0.8582818128673861
0 0.28101789931444576 0.7874227193010794 0.6218975996662883 0.7874227193010794 0.6218975996662883 0.8145159021352555 0.28101789931444576 0.8145159021352555
0 0.2760294158946627 0.7436568085689484 0.6169091162465052 0.7436568085689484 0.6169091162465052 0.7707499914031246 0.2760294158946627 0.7707499914031246
0 0.27769224370125706 0.7030170343176843 0.6185719440530997 0.7030170343176843 0.6185719440530997 0.7301102171518604 0.27769224370125706 0.7301102171518604
0 0.27935507150785144 0.6331999862449996 0.6202347718596939 0.6331999862449996 0.6202347718596939 0.6602931690791758 0.27935507150785144 0.6602931690791758
0 0.28434355492763447 0.5925602119937353 0.6252232552794771 0.5925602119937353 0.6252232552794771 0.6196533948279115 0.28434355492763447 0.6196533948279115
0 0.27769224370125706 0.5487943012616046 0.6185719440530997 0.5487943012616046 0.6185719440530997 0.5758874840957807 0.27769224370125706 0.5758874840957807
0 0.28434355492763447 0.5060704360230961 0.6252232552794771 0.5060704360230961 0.6252232552794771 0.5331636188572723 0.28434355492763447 0.5331636188572723
0 0.28101789931444576 0.4623045252909651 0.6218975996662883 0.4623045252909651 0.6218975996662883 0.4893977081251413 0.28101789931444576 0.4893977081251413
0 0.28600638273422885 0.39769770468639143 0.6268860830860715 0.39769770468639143 0.6268860830860715 0.42479088752056765 0.28600638273422885 0.42479088752056765
0 0.28101789931444576 0.3528897484606384 0.6218975996662883 0.3528897484606384 0.6218975996662883 0.3799829312948146 0.28101789931444576 0.3799829312948146
0 0.28600638273422885 0.2872408823624424 0.6268860830860715 0.2872408823624424 0.6268860830860715 0.31433406519661855 0.28600638273422885 0.31433406519661855
0 0.27602941589466273 0.2403488351494452 0.6169091162465054 0.2403488351494452 0.6169091162465054 0.2674420179836213 0.27602941589466273 0.2674420179836213
0 0.37912473990351264 0.8593238583610083 0.46392895803982465 0.8593238583610083 0.46392895803982465 0.8853749957015622 0.37912473990351264 0.8853749957015622
0 0.37912473990351264 0.6561249871046871 0.46392895803982465 0.6561249871046871 0.46392895803982465 0.682176124445241 0.37912473990351264 0.682176124445241
0 0.3824503955167014 0.42062270554607895 0.46725461365301335 0.42062270554607895 0.46725461365301335 0.44667384288663275 0.3824503955167014 0.44667384288663275
0 0.3874388789364845 0.3080817922348858 0.4722430970727965 0.3080817922348858 0.4722430970727965 0.33413292957543966 0.3874388789364845 0.33413292957543966
