0 0.28052624016720523 0.20996957950206277 0.6167034348615077 0.20996957950206277 0.6167034348615077 0.24769132744412578 0.28052624016720523 0.24769132744412578
0 0.28393344146478255 0.2576555627495764 0.6201106361590851 0.2576555627495764 0.6201106361590851 0.2953773106916394 0.28393344146478255 0.2953773106916394
0 0.2793905064013461 0.30320635271735064 0.6155677010956487 0.30320635271735064 0.6155677010956487 0.34092810065941365 0.2793905064013461 0.34092810065941365
0 0.28052624016720523 0.34448675612564594 0.6167034348615077 0.34448675612564594 0.6167034348615077 0.38220850406770895 0.28052624016720523 0.38220850406770895
0 0.27257610380619135 0.3843436973474483 0.6087532985004939 0.3843436973474483 0.6087532985004939 0.42206544528951134 0.27257610380619135 0.42206544528951134
0 0.27257610380619135 0.42277717638275797 0.6087532985004939 0.42277717638275797 0.6087532985004939 0.460498924324821 0.27257610380619135 0.460498924324821
0 0.2737118375720505 0.4647693108842998 0.609889032266353 0.4647693108842998 0.609889032266353 0.5024910588263628 0.2737118375720505 0.5024910588263628
0 0.28052624016720523 0.5110318319453204 0.6167034348615077 0.5110318319453204 0.6167034348615077 0.5487535798873834 0.28052624016720523 0.5487535798873834
0 0.2748475713379096 0.5501770420738762 0.6110247660322121 0.5501770420738762 0.6110247660322121 0.5878987900159393 0.2748475713379096 0.5878987900159393
0 0.27257610380619135 0.5943043698551578 0.6087532985004939 0.5943043698551578 0.6087532985004939 0.6320261177972207 0.27257610380619135 0.6320261177972207
0 0.2748475713379096 0.6362965043566995 0.6110247660322121 0.6362965043566995 0.6110247660322121 0.6740182522987624 0.2748475713379096 0.6740182522987624
0 0.27257610380619135 0.7053344204016071 0.6087532985004939 0.7053344204016071 0.6087532985004939 0.74305616834367 0.27257610380619135 0.74305616834367
0 0.26576170121103654 0.753020403649121 0.6019388959053391 0.753020403649121 0.6019388959053391 0.7907421515911841 0.26576170121103654 0.7907421515911841
0 0.278254772635487 0.8014181179898807 0.6144319673297896 0.8014181179898807 0.6144319673297896 0.8391398659319438 0.278254772635487 0.8391398659319438
0 0.2793905064013461 0.846968907957655 0.6155677010956487 0.846968907957655 0.6155677010956487 0.8846906558997181 0.2793905064013461 0.8846906558997181
0 0.2055678116205026 0.6825590254177176 0.519030330997621 0.6825590254177176 0.519030330997621 0.7202807733597805 0.2055678116205026 0.7202807733597805
0 0.22601101940596688 0.7323802019449706 0.5394735387830852 0.7323802019449706 0.5394735387830852 0.7701019498870334 0.22601101940596688 0.7701019498870334
0 0.21465368174737562 0.7772192608194983 0.528116201124494 0.7772192608194983 0.528116201124494 0.8149410087615612 0.21465368174737562 0.8149410087615612
0 0.21692514927909387 0.8241935129737654 0.5303876686562122 0.8241935129737654 0.5303876686562122 0.8619152609158283 0.21692514927909387 0.8619152609158283
0 0.2169251492790939 0.6192149581187815 0.5303876686562122 0.6192149581187815 0.5303876686562122 0.6569367060608443 0.2169251492790939 0.6569367060608443
0 0.2032963440887844 0.5708172437780213 0.5167588634659028 0.5708172437780213 0.5167588634659028 0.6085389917200842 0.2032963440887844 0.6085389917200842
0 0.19648194149362952 0.528113378183233 0.5099444608707479 0.528113378183233 0.5099444608707479 0.5658351261252957 0.19648194149362952 0.5658351261252957
0 0.1896675388984747 0.48683297477493764 0.5031300582755931 0.48683297477493764 0.5031300582755931 0.5245547227170004 0.1896675388984747 0.5245547227170004
0 0.7325482789791391 0.9437732436335287 0.7870634997403773 0.9437732436335287 0.7870634997403773 0.9644134453376761 0.7325482789791391 0.9644134453376761
0 0.21465368174737556 0.23488016776568657 0.528116201124494 0.23488016776568657 0.528116201124494 0.2726019157077494 0.21465368174737556 0.2726019157077494
0 0.21238221421565728 0.44412910918014925 0.5258447335927756 0.44412910918014925 0.5258447335927756 0.4818508571222121 0.21238221421565728 0.4818508571222121
0 0.21692514927909382 0.40427216795834686 0.5303876686562121 0.40427216795834686 0.5303876686562121 0.44199391590040965 0.21692514927909382 0.44199391590040965
0 0.20102487655706594 0.3651269578297908 0.5144873959341842 0.3651269578297908 0.5144873959341842 0.40284870577185367 0.20102487655706594 0.40284870577185367
0 0.2078392791522208 0.3224230922350026 0.5213017985293392 0.3224230922350026 0.5213017985293392 0.36014484017706544 0.2078392791522208 0.36014484017706544
0 0.19648194149362944 0.2775840333604748 0.5099444608707479 0.2775840333604748 0.5099444608707479 0.3153057813025376 0.19648194149362944 0.3153057813025376
