0 0.09371598053809067 0.09292649098474341 0.24525671502521612 0.09292649098474341 0.24525671502521612 0.14285714285714285 0.09371598053809067 0.14285714285714285
0 0.3848337073159895 0.09431345353675451 0.6540179067339096 0.09431345353675451 0.6540179067339096 0.18169209431345357 0.3848337073159895 0.18169209431345357
0 0.1355890782253227 0.217753120665742 0.2372808868943147 0.217753120665742 0.2372808868943147 0.26490984743411927 0.1355890782253227 0.26490984743411927
0 0.12561929306169603 0.2565880721220527 0.2372808868943147 0.2565880721220527 0.2372808868943147 0.30097087378640774 0.12561929306169603 0.30097087378640774
0 0.12163137899624536 0.30097087378640774 0.22332318766523737 0.30097087378640774 0.22332318766523737 0.34674063800277394 0.12163137899624536 0.34674063800277394
0 0.11564950789806935 0.3370319001386963 0.2312990157961387 0.3370319001386963 0.2312990157961387 0.3897364771151179 0.11564950789806935 0.3897364771151179
0 0.12561929306169603 0.3883495145631068 0.24126880095976538 0.3883495145631068 0.24126880095976538 0.43411927877947293 0.12561929306169603 0.43411927877947293
0 0.13160116415987202 0.435506241331484 0.24525671502521607 0.435506241331484 0.24525671502521607 0.4812760055478502 0.13160116415987202 0.4812760055478502
0 0.12960720712714668 0.47434119278779474 0.24924462909066672 0.47434119278779474 0.24924462909066672 0.5270457697642164 0.12960720712714668 0.5270457697642164
0 0.18145008997800538 0.5617198335644937 0.9471295905445336 0.5617198335644937 0.9471295905445336 0.6185852981969486 0.18145008997800538 0.6185852981969486
0 0.09770389460354136 0.6074895977808599 0.949123547577259 0.6074895977808599 0.949123547577259 0.6601941747572816 0.09770389460354136 0.6601941747572816
0 0.09371598053809067 0.6518723994452149 0.9451356335118083 0.6518723994452149 0.9451356335118083 0.7045769764216366 0.09371598053809067 0.7045769764216366
0 0.09371598053809078 0.6920943134535356 0.8693652662682455 0.6920943134535356 0.8693652662682455 0.7447988904299572 0.09371598053809078 0.7447988904299572
0 0.18942591810890672 0.7572815533980568 0.9491235475772585 0.7572815533980568 0.9491235475772585 0.8099861303744785 0.18942591810890672 0.8099861303744785
0 0.0996978516362667 0.8058252427184466 0.9511175046099842 0.8058252427184466 0.9511175046099842 0.8585298196948684 0.0996978516362667 0.8585298196948684
0 0.08972806647264002 0.8446601941747571 0.9411477194463577 0.8446601941747571 0.9411477194463577 0.8973647711511789 0.08972806647264002 0.8973647711511789
0 0.49250738708315744 0.8959778085991678 0.5702717113594454 0.8959778085991678 0.5702717113594454 0.925104022191401 0.49250738708315744 0.925104022191401
