0 0.16801015409281195 0.11511789181692095 0.9180554848642939 0.11511789181692095 0.9180554848642939 0.1553398058252427 0.16801015409281195 0.1553398058252427
0 0.08000483528229141 0.1622746185852982 0.9360565728028095 0.1622746185852982 0.9360565728028095 0.20388349514563106 0.08000483528229141 0.20388349514563106
0 0.07200435175406222 0.19833564493758665 0.9420569354489811 0.19833564493758665 0.9420569354489811 0.2538141470180305 0.07200435175406222 0.2538141470180305
0 0.07200435175406227 0.24965325936199723 0.2440147476109888 0.24965325936199723 0.2440147476109888 0.2926490984743412 0.07200435175406227 0.2926490984743412
0 0.15800954968252554 0.3370319001386963 0.4340262314064309 0.3370319001386963 0.4340262314064309 0.38557558945908466 0.15800954968252554 0.38557558945908466
0 0.06600398910789042 0.38696255201109575 0.5300320337451806 0.38696255201109575 0.5300320337451806 0.42718446601941745 0.06600398910789042 0.42718446601941745
0 0.08400507704640597 0.4230235783633841 0.4320261105243736 0.4230235783633841 0.4320261105243736 0.46879334257975036 0.08400507704640597 0.46879334257975036
0 0.09000543969257782 0.47295423023578365 0.46802828640140476 0.47295423023578365 0.46802828640140476 0.5270457697642164 0.09000543969257782 0.5270457697642164
0 0.08000483528229141 0.5117891816920943 0.4440268358167173 0.5117891816920943 0.4440268358167173 0.5603328710124826 0.08000483528229141 0.5603328710124826
0 0.07800471440023413 0.5561719833564494 0.4100247808217435 0.5561719833564494 0.4100247808217435 0.6074895977808599 0.07800471440023413 0.6074895977808599
0 0.09200556057463512 0.6019417475728155 0.8060487154690859 0.6019417475728155 0.8060487154690859 0.6463245492371706 0.09200556057463512 0.6463245492371706
0 0.08200495616434869 0.6477115117891817 0.26201583554950436 0.6477115117891817 0.26201583554950436 0.6976421636615813 0.08200495616434869 0.6976421636615813
0 0.1760106376210411 0.739251040221914 0.8280500451717159 0.739251040221914 0.8280500451717159 0.7891816920943133 0.1760106376210411 0.7891816920943133
0 0.10400628586697883 0.7808599167822469 0.5180313084528368 0.7808599167822469 0.5180313084528368 0.8294036061026353 0.10400628586697883 0.8294036061026353
0 0.10000604410286426 0.828016643550624 0.3880234511191133 0.828016643550624 0.3880234511191133 0.8682385575589457 0.10000604410286426 0.8682385575589457
0 0.09800592322080696 0.871012482662968 0.38002296759088416 0.871012482662968 0.38002296759088416 0.9237170596393897 0.09800592322080696 0.9237170596393897
