0 0.06954603892361573 0.11373092926490985 0.6795641517679023 0.11373092926490985 0.6795641517679023 0.17753120665742023 0.06954603892361573 0.17753120665742023
0 0.07749415765774324 0.17059639389736478 0.4808611834147145 0.17059639389736478 0.4808611834147145 0.21497919556171982 0.07749415765774324 0.21497919556171982
0 0.081468217024807 0.21497919556171982 0.5762386082242447 0.21497919556171982 0.5762386082242447 0.27184466019417475 0.081468217024807 0.27184466019417475
0 0.07550712797421137 0.26768377253814146 0.9021114763234725 0.26768377253814146 0.9021114763234725 0.3120665742024965 0.07550712797421137 0.3120665742024965
0 0.1450531668978271 0.30235783633841884 0.27619712601093105 0.30235783633841884 0.27619712601093105 0.34396671289875175 0.1450531668978271 0.34396671289875175
0 0.07749415765774324 0.3509015256588072 0.8742930607540264 0.3509015256588072 0.8742930607540264 0.39528432732316227 0.07749415765774324 0.39528432732316227
0 0.0735200982906795 0.39805825242718457 0.5603423707559897 0.39805825242718457 0.5603423707559897 0.44382801664355076 0.0735200982906795 0.44382801664355076
0 0.06557197955655197 0.45908460471567264 0.8524357342351758 0.45908460471567264 0.8524357342351758 0.5145631067961164 0.06557197955655197 0.5145631067961164
0 0.07550712797421137 0.5159500693481276 0.5265628661359477 0.5159500693481276 0.5265628661359477 0.5631067961165048 0.07550712797421137 0.5631067961165048
0 0.07749415765774324 0.5742024965325936 0.5007314802500333 0.5742024965325936 0.5007314802500333 0.6255201109570042 0.07749415765774324 0.6255201109570042
0 0.07153306860714762 0.6407766990291264 0.8126951405645381 0.6407766990291264 0.8126951405645381 0.6796116504854369 0.07153306860714762 0.6796116504854369
0 0.07153306860714759 0.6893203883495146 0.8087210811974742 0.6893203883495146 0.8087210811974742 0.7350901525658807 0.07153306860714759 0.7350901525658807
0 0.12915692942957208 0.7267683772538142 0.4311854413264176 0.7267683772538142 0.4311854413264176 0.7780859916782246 0.12915692942957208 0.7780859916782246
0 0.081468217024807 0.7836338418862691 0.7828896953115599 0.7836338418862691 0.7828896953115599 0.8363384188626907 0.081468217024807 0.8363384188626907
0 0.07749415765774324 0.8335644937586685 0.8981374169564088 0.8335644937586685 0.8981374169564088 0.8862690707350901 0.07749415765774324 0.8862690707350901
0 0.13114395911310395 0.8737864077669903 0.3139506899980367 0.8737864077669903 0.3139506899980367 0.9098474341192788 0.13114395911310395 0.9098474341192788
0 0.4351595006934813 0.9056865464632455 0.5066925693006289 0.9056865464632455 0.5066925693006289 0.9417475728155339 0.4351595006934813 0.9417475728155339
