0 0.32678195282207156 0.2650110977256485 0.5359224026281973 0.2650110977256485 0.5359224026281973 0.30030354863043224 0.32678195282207156 0.30030354863043224
0 0.20129768293839612 0.3161851515375849 0.6587924168892965 0.3161851515375849 0.6587924168892965 0.37030024292492 0.20129768293839612 0.37030024292492
0 0.06143500713054949 0.4138275990408197 0.8130334986213142 0.4138275990408197 0.8130334986213142 0.44088514473448726 0.06143500713054949 0.44088514473448726
0 0.056206495885396335 0.43735589964400895 0.8078049873761611 0.43735589964400895 0.8078049873761611 0.4644134453376765 0.056206495885396335 0.4644134453376765
0 0.056206495885396335 0.45382571006624134 0.8078049873761611 0.45382571006624134 0.8078049873761611 0.48088325575990887 0.056206495885396335 0.48088325575990887
0 0.06012787931926117 0.47441297309403185 0.8117263708100259 0.47441297309403185 0.8117263708100259 0.5014705187876993 0.06012787931926117 0.5014705187876993
0 0.05359224026281975 0.4932356135765833 0.8051907317535845 0.4932356135765833 0.8051907317535845 0.5202931592702509 0.05359224026281975 0.5202931592702509
0 0.0692777739982792 0.5144110841194535 0.8208762654890439 0.5144110841194535 0.8208762654890439 0.5414686298131209 0.0692777739982792 0.5414686298131209
0 0.0666635183757026 0.534998347147244 0.8182620098664674 0.534998347147244 0.8182620098664674 0.5620558928409116 0.0666635183757026 0.5620558928409116
0 0.06535639056441428 0.549115327509157 0.8169548820551785 0.549115327509157 0.8169548820551785 0.5791139107782234 0.06535639056441428 0.5791139107782234
0 0.08627043554502692 0.5732318356274263 0.8378689270357916 0.5732318356274263 0.8378689270357916 0.6002893813210939 0.08627043554502692 0.6002893813210939
0 0.07058490180956742 0.5932308911401366 0.8221833933003315 0.5932308911401366 0.8221833933003315 0.623229474409203 0.07058490180956742 0.623229474409203
0 0.06927777399827913 0.6132299466528475 0.8208762654890434 0.6132299466528475 0.8208762654890434 0.6432285299219138 0.06927777399827913 0.6432285299219138
0 0.06143500713054937 0.631464379620319 0.8130334986213137 0.631464379620319 0.8130334986213137 0.6614629628893852 0.06143500713054937 0.6614629628893852
0 0.07189202962085553 0.6585219253139782 0.28887524629471056 0.6585219253139782 0.28887524629471056 0.6885205085830444 0.07189202962085553 0.6885205085830444
0 0.06404926275312604 0.6961672062790898 0.16077672078845925 0.6961672062790898 0.16077672078845925 0.7526351277267438 0.06404926275312604 0.7526351277267438
0 0.15162682610944087 0.6902851311282899 0.8365617992245018 0.6902851311282899 0.8365617992245018 0.7285186196084715 0.15162682610944087 0.7285186196084715
0 0.16731235984490067 0.7102841866410032 0.8300261601680619 0.7102841866410032 0.8300261601680619 0.7502822976664247 0.16731235984490067 0.7502822976664247
0 0.06404926275312604 0.7291068271235546 0.8287190323567738 0.7291068271235546 0.8287190323567738 0.7696931456640559 0.06404926275312604 0.7696931456640559
0 0.06535639056441432 0.7502822976664248 0.8274119045454854 0.7502822976664248 0.8274119045454854 0.794986068812484 0.06535639056441432 0.794986068812484
