0 0.18171740253746088 0.21757216163446827 0.7020899643492806 0.21757216163446827 0.7020899643492806 0.24151220749821325 0.18171740253746088 0.24151220749821325
0 0.17758746157069996 0.23827706616527414 0.7062199053160408 0.23827706616527414 0.7062199053160408 0.2654522533619579 0.17758746157069996 0.2654522533619579
0 0.41609155240111767 0.2602760272292565 0.49662540125294685 0.2602760272292565 0.49662540125294685 0.28356904482641376 0.41609155240111767 0.28356904482641376
0 0.18068491729577077 0.2835690448264139 0.705187420074351 0.2835690448264139 0.705187420074351 0.304920977623808 0.18068491729577077 0.304920977623808
0 0.1858473435042213 0.3068620624235711 0.6979600233825202 0.3068620624235711 0.6979600233825202 0.3288610234875529 0.1858473435042213 0.3288610234875529
0 0.4037017295008362 0.32627291042120204 0.5028203127030876 0.32627291042120204 0.5028203127030876 0.35150701281812247 0.4037017295008362 0.35150701281812247
0 0.1858473435042213 0.34633078668542105 0.7041549348326608 0.34633078668542105 0.7041549348326608 0.3735059738821045 0.1858473435042213 0.3735059738821045
0 0.1765549763290103 0.3683297477494028 0.7196422134580126 0.3683297477494028 0.7196422134580126 0.3942108784129108 0.1765549763290103 0.3942108784129108
0 0.42848137530139924 0.3929168218797353 0.4904304898028064 0.3929168218797353 0.4904304898028064 0.4168568677434804 0.42848137530139924 0.4168568677434804
0 0.18171740253746088 0.41362172641054185 0.6979600233825202 0.41362172641054185 0.6979600233825202 0.4407969136072254 0.18171740253746088 0.4407969136072254
0 0.1889447992292917 0.4336796026747607 0.7041549348326609 0.4336796026747607 0.7041549348326609 0.46214884640461956 0.1889447992292917 0.46214884640461956
0 0.4109291261926672 0.45891370507168106 0.5017878274613976 0.45891370507168106 0.5017878274613976 0.4783245530693121 0.4109291261926672 0.4783245530693121
0 0.17139255012055968 0.4692661573370843 0.7051874200743509 0.4692661573370843 0.7051874200743509 0.5016175706664694 0.17139255012055968 0.5016175706664694
0 0.17036006487886957 0.49773540106694325 0.7010574791075905 0.49773540106694325 0.7010574791075905 0.5249105882636267 0.17036006487886957 0.5249105882636267
0 0.42641640481801896 0.5223224751972757 0.49249546028618646 0.5223224751972757 0.49249546028618646 0.5436744079946698 0.42641640481801896 0.5436744079946698
0 0.1765549763290103 0.537204125328793 0.7000249938659003 0.537204125328793 0.7000249938659003 0.5624382277257135 0.1765549763290103 0.5624382277257135
0 0.1796524320540806 0.5624382277257134 0.7000249938659003 0.5624382277257134 0.7000249938659003 0.5837901605231075 0.1796524320540806 0.5837901605231075
0 0.41196161143435733 0.5824961039899321 0.5007553422197074 0.5824961039899321 0.5007553422197074 0.604495065053914 0.41196161143435733 0.604495065053914
0 0.18171740253746088 0.6046657291149141 0.7000249938659002 0.6046657291149141 0.7000249938659002 0.6305468597784222 0.18171740253746088 0.6305468597784222
0 0.18687982874591147 0.6240765771125452 0.7062199053160412 0.6240765771125452 0.7062199053160412 0.6512517643092288 0.18687982874591147 0.6512517643092288
0 0.41196161143435733 0.6454285099099394 0.4997228569780174 0.6454285099099394 0.4997228569780174 0.6732507253732104 0.41196161143435733 0.6732507253732104
0 0.18687982874591147 0.6693685557736841 0.7010574791075905 0.6693685557736841 0.7010574791075905 0.6933086016374292 0.18687982874591147 0.6933086016374292
0 0.17552249108732 0.6900734603044909 0.707252390557731 0.6900734603044909 0.707252390557731 0.7159545909679987 0.17552249108732 0.7159545909679987
0 0.4129940966760474 0.7133664779016481 0.4945604307695668 0.7133664779016481 0.4945604307695668 0.7360124672322176 0.4129940966760474 0.7360124672322176
0 0.1724250353622498 0.7301892128329284 0.6938300824157597 0.7301892128329284 0.6938300824157597 0.7580114282961993 0.1724250353622498 0.7580114282961993
0 0.17036006487886957 0.750247089097147 0.7031224495909708 0.750247089097147 0.7031224495909708 0.7806574176267689 0.17036006487886957 0.7806574176267689
0 0.4119616114343572 0.7754811914940674 0.49765788649463705 0.7754811914940674 0.49765788649463705 0.8000682656244 0.4119616114343572 0.8000682656244
0 0.1786199468123905 0.7968331242914615 0.7103498462828015 0.7968331242914615 0.7103498462828015 0.8181850570888559 0.1786199468123905 0.8181850570888559
0 0.18791231398760153 0.8078326048234524 0.6907326266906892 0.8078326048234524 0.6907326266906892 0.8440661877523641 0.18791231398760153 0.8440661877523641
0 0.1837823730208411 0.8356548202867236 0.7062199053160412 0.8356548202867236 0.7062199053160412 0.8608889226836441 0.1837823730208411 0.8608889226836441
0 0.18068491729577077 0.8537716117511793 0.7000249938659003 0.8537716117511793 0.7000249938659003 0.8893581664135031 0.18068491729577077 0.8893581664135031
