0 0.16047468103870974 0.10506574398504424 0.710477647675655 0.10506574398504424 0.710477647675655 0.1360687504068606 0.16047468103870974 0.1360687504068606
0 0.15910310256829338 0.1291791934242347 0.7091060692052386 0.1291791934242347 0.7091060692052386 0.16018219984605106 0.15910310256829338 0.16018219984605106
0 0.16047468103870974 0.14984786437211223 0.710477647675655 0.14984786437211223 0.710477647675655 0.18085087079392856 0.16047468103870974 0.18085087079392856
0 0.15361678868662812 0.17568370305695924 0.7036197553235733 0.17568370305695924 0.7036197553235733 0.2066867094787756 0.15361678868662812 0.2066867094787756
0 0.15635994562746078 0.19549117938200852 0.7063629122644061 0.19549117938200852 0.7063629122644061 0.22649418580382488 0.15635994562746078 0.22649418580382488
0 0.15773152409787708 0.21702104495271432 0.7077344907348223 0.21702104495271432 0.7077344907348223 0.24802405137453065 0.15773152409787708 0.24802405137453065
0 0.15635994562746078 0.23682852127776358 0.7063629122644061 0.23682852127776358 0.7063629122644061 0.2678315276995799 0.15635994562746078 0.2678315276995799
0 0.15635994562746078 0.26008077609412594 0.7063629122644061 0.26008077609412594 0.7063629122644061 0.2910837825159423 0.15635994562746078 0.2910837825159423
0 0.16047468103870974 0.304862896481194 0.710477647675655 0.304862896481194 0.710477647675655 0.3358659029030104 0.16047468103870974 0.3358659029030104
0 0.15910310256829338 0.327253956674728 0.7091060692052386 0.327253956674728 0.7091060692052386 0.35825696309654437 0.15910310256829338 0.35825696309654437
0 0.15773152409787708 0.34706143299977726 0.7077344907348223 0.34706143299977726 0.7077344907348223 0.3780644394215936 0.15773152409787708 0.3780644394215936
0 0.15635994562746078 0.36773010394765476 0.7063629122644061 0.36773010394765476 0.7063629122644061 0.3987331103694711 0.15635994562746078 0.3987331103694711
0 0.1577315240978771 0.38581519102704775 0.7077344907348223 0.38581519102704775 0.7077344907348223 0.41681819744886417 0.1577315240978771 0.41681819744886417
0 0.15635994562746078 0.4090674458434099 0.7063629122644061 0.4090674458434099 0.7063629122644061 0.44007045226522634 0.15635994562746078 0.44007045226522634
0 0.15361678868662812 0.42887492216845924 0.7036197553235733 0.42887492216845924 0.7036197553235733 0.45987792859027565 0.15361678868662812 0.45987792859027565
0 0.15224521021621185 0.4478212038706804 0.7022481768531571 0.4478212038706804 0.7022481768531571 0.4788242102924968 0.15224521021621185 0.4788242102924968
0 0.40598722724323155 0.28333303091048817 0.4923966708794597 0.28333303091048817 0.4923966708794597 0.3083076749725069 0.40598722724323155 0.3083076749725069
0 0.40735880571364774 0.4745182371783555 0.489653513938627 0.4745182371783555 0.489653513938627 0.4960481027490613 0.40735880571364774 0.4960481027490613
0 0.17967677962453824 0.4926033242577484 0.702248176853157 0.4926033242577484 0.702248176853157 0.5210227468110801 0.17967677962453824 0.5210227468110801
0 0.17693362268370558 0.5149943844512823 0.6995050199123243 0.5149943844512823 0.6995050199123243 0.543413807004614 0.17693362268370558 0.543413807004614
0 0.1783052011541219 0.5399690285133012 0.7008765983827406 0.5399690285133012 0.7008765983827406 0.5683884510666328 0.1783052011541219 0.5683884510666328
0 0.1714473088020403 0.5614988940840069 0.6940187060306591 0.5614988940840069 0.6940187060306591 0.5899183166373386 0.1714473088020403 0.5899183166373386
0 0.1714473088020403 0.5787227865405715 0.6940187060306591 0.5787227865405715 0.6940187060306591 0.6071422090939032 0.1714473088020403 0.6071422090939032
0 0.1687041518612076 0.5993914574884491 0.6912755490898264 0.5993914574884491 0.6912755490898264 0.6278108800417808 0.1687041518612076 0.6278108800417808
0 0.1728188872724566 0.6209213230591548 0.6953902845010753 0.6209213230591548 0.6953902845010753 0.6493407456124864 0.1728188872724566 0.6493407456124864
0 0.1714473088020403 0.6476183563668302 0.6940187060306591 0.6476183563668302 0.6940187060306591 0.6760377789201618 0.1714473088020403 0.6760377789201618
0 0.17419046574287292 0.6631198595777383 0.6967618629714917 0.6631198595777383 0.6967618629714917 0.69153928213107 0.17419046574287292 0.69153928213107
0 0.17007573033162393 0.6863721143941005 0.6926471275602427 0.6863721143941005 0.6926471275602427 0.714791536947432 0.17007573033162393 0.714791536947432
0 0.16458941644995867 0.7070407853419781 0.6871608136785774 0.7070407853419781 0.6871608136785774 0.7354602078953096 0.16458941644995867 0.7354602078953096
0 0.16733257339079127 0.7285706509126838 0.6899039706194101 0.7285706509126838 0.6899039706194101 0.7569900734660154 0.16733257339079127 0.7569900734660154
0 0.15635994562746083 0.7501005164833895 0.7159639615573201 0.7501005164833895 0.7159639615573201 0.7785199390367211 0.15635994562746083 0.7785199390367211
0 0.765340786492308 0.8310528110292433 0.8531218085989526 0.8310528110292433 0.8531218085989526 0.8620558174510596 0.765340786492308 0.8620558174510596
