0 0.18414787279639946 0.21451398253244144 0.7517081076091829 0.21451398253244144 0.7517081076091829 0.24207221046294483 0.18414787279639946 0.24207221046294483
0 0.21163262993019033 0.23518265348031908 0.8492789954341408 0.23518265348031908 0.8492789954341408 0.2627408814108224 0.21163262993019033 0.2627408814108224
0 0.14292073709571287 0.25240654593688394 0.7805671025996633 0.25240654593688394 0.7805671025996633 0.2799647738673873 0.14292073709571287 0.2799647738673873
0 0.21025839207350078 0.2773811899989025 0.8479047575774512 0.2773811899989025 0.8479047575774512 0.3049394179294058 0.21025839207350078 0.3049394179294058
0 0.49472562840823725 0.2920214985869826 0.5565663319592674 0.2920214985869826 0.5565663319592674 0.321302115763143 0.49472562840823725 0.321302115763143
0 0.1813993970830204 0.3101065856663751 0.7434626804690456 0.3101065856663751 0.7434626804690456 0.33852600821970674 0.1813993970830204 0.33852600821970674
0 0.20982277716380224 0.33069079001508755 0.8474691426677526 0.33069079001508755 0.8474691426677526 0.3582490179455909 0.20982277716380224 0.3582490179455909
0 0.15787513387525032 0.3501504859731753 0.7955214993792007 0.3501504859731753 0.7955214993792007 0.3777087139036786 0.15787513387525032 0.3777087139036786
0 0.22357874016462145 0.37047038194865684 0.8612251056685718 0.37047038194865684 0.8612251056685718 0.39802860987916017 0.22357874016462145 0.39802860987916017
0 0.49491028114071794 0.3898211622664749 0.5554941259010472 0.3898211622664749 0.5554941259010472 0.41281472876504616 0.49491028114071794 0.41281472876504616
0 0.17919165351646688 0.4096063241373385 0.8114822023531428 0.4096063241373385 0.8114822023531428 0.4347388270543815 0.17919165351646688 0.4347388270543815
0 0.2158832778079339 0.4283220177989663 0.8618265240553882 0.4283220177989663 0.8618265240553882 0.4534545207160092 0.2158832778079339 0.4534545207160092
0 0.16809883687020938 0.4470377114605941 0.8140420831176636 0.4470377114605941 0.8140420831176636 0.47217021437763707 0.16809883687020938 0.47217021437763707
0 0.21502998421976016 0.46789234154069365 0.8609732304672144 0.46789234154069365 0.8609732304672144 0.4930248444577366 0.21502998421976016 0.4930248444577366
0 0.18089824069281424 0.5037195265500972 0.7355390730056878 0.5037195265500972 0.7355390730056878 0.5288520294671402 0.18089824069281424 0.5288520294671402
0 0.20137728680898173 0.5245741566301947 0.847320533056436 0.5245741566301947 0.847320533056436 0.5497066595472376 0.20137728680898173 0.5497066595472376
0 0.17663177275194614 0.5395467115595001 0.7329791922411668 0.5395467115595001 0.7329791922411668 0.564679214476543 0.17663177275194614 0.564679214476543
0 0.20991022269071838 0.5614708098488322 0.8558534689381726 0.5614708098488322 0.8558534689381726 0.5866033127658752 0.20991022269071838 0.5866033127658752
0 0.18175153428098806 0.596763260753618 0.7150600268895201 0.596763260753618 0.7150600268895201 0.6218957636706609 0.18175153428098806 0.6218957636706609
0 0.2064970483380238 0.6176178908337155 0.852440294585478 0.6176178908337155 0.852440294585478 0.6427503937507585 0.2064970483380238 0.6427503937507585
0 0.20223058039715547 0.6571882145754429 0.8481738266446097 0.6571882145754429 0.8481738266446097 0.6823207174924858 0.20223058039715547 0.6823207174924858
0 0.18004494710464067 0.6352641162861103 0.7261528435357775 0.6352641162861103 0.7261528435357775 0.6603966192031533 0.18004494710464067 0.6603966192031533
0 0.17321859839925152 0.6930153995848465 0.7628444678272446 0.6930153995848465 0.7628444678272446 0.7181479025018894 0.17321859839925152 0.7181479025018894
0 0.1954042316917662 0.7117310932464721 0.8413474779392205 0.7117310932464721 0.8413474779392205 0.736863596163515 0.1954042316917662 0.736863596163515
0 0.1578593138121256 0.7309815210127177 0.8038025600595798 0.7309815210127177 0.8038025600595798 0.7561140239297607 0.1578593138121256 0.7561140239297607
0 0.48979051961167597 0.4845163231483104 0.5589073002537417 0.4845163231483104 0.5589073002537417 0.5096488260653533 0.48979051961167597 0.5096488260653533
0 0.4940569875525443 0.5802337278749209 0.5614671810182628 0.5802337278749209 0.5614671810182628 0.603227294373492 0.4940569875525443 0.603227294373492
0 0.48552405167080775 0.6743469302876777 0.5503743643720052 0.6743469302876777 0.5503743643720052 0.7016183696231924 0.48552405167080775 0.7016183696231924
0 0.20905692910254467 0.7465360344110988 0.8336678356456576 0.7465360344110988 0.8336678356456576 0.7764811442697033 0.20905692910254467 0.7764811442697033
0 0.4966168683170652 0.7700643350142881 0.5401348413139215 0.7700643350142881 0.5401348413139215 0.7882452945712978 0.4966168683170652 0.7882452945712978
0 0.17748506634011954 0.7812937512112644 0.7304193114766458 0.7812937512112644 0.7304193114766458 0.8133777974883407 0.17748506634011954 0.8133777974883407
0 0.21417669063158656 0.8042873177098357 0.859266643290867 0.8042873177098357 0.859266643290867 0.8358366298822937 0.21417669063158656 0.8358366298822937
0 0.16980542404655666 0.8251419477899351 0.7210330820067358 0.8251419477899351 0.7210330820067358 0.8481355142885064 0.16980542404655666 0.8481355142885064
0 0.20735034192619736 0.8459965778700347 0.8396408907628733 0.8459965778700347 0.8396408907628733 0.8716638148916958 0.20735034192619736 0.8716638148916958
0 0.48552405167080775 0.8673859420547523 0.5597605938419155 0.8673859420547523 0.5597605938419155 0.8818237628794365 0.48552405167080775 0.8818237628794365
