0 0.29974708329933913 0.06934812760055478 0.7610345108917353 0.06934812760055478 0.7610345108917353 0.11234396671289877 0.29974708329933913 0.11234396671289877
0 0.45590274944929426 0.10957004160887657 0.5905197030268419 0.10957004160887657 0.5905197030268419 0.13453536754507628 0.45590274944929426 0.13453536754507628
0 0.4648772130211308 0.14563106796116493 0.579750346740638 0.14563106796116493 0.579750346740638 0.17753120665742014 0.4648772130211308 0.17753120665742014
0 0.16557047140430986 0.1701126382802603 0.8793948913956244 0.1701126382802603 0.8793948913956244 0.19502322654388687 0.16557047140430986 0.19502322654388687
0 0.1637283438688484 0.19004110889116152 0.8729474450215093 0.19004110889116152 0.8729474450215093 0.216375159341281 0.1637283438688484 0.216375159341281
0 0.16280728010111767 0.2085461173155698 0.8830791464665475 0.2085461173155698 0.8830791464665475 0.23203324339270334 0.16280728010111767 0.23203324339270334
0 0.16649153517204054 0.23274497448594986 0.8757106363247015 0.23274497448594986 0.8757106363247015 0.2526734450968511 0.16649153517204054 0.2526734450968511
0 0.16649153517204054 0.24626786525763283 0.8747895725569709 0.24626786525763283 0.8747895725569709 0.27544884008073817 0.16649153517204054 0.27544884008073817
0 0.1674125989397713 0.27117845352125935 0.881237018931086 0.27117845352125935 0.881237018931086 0.29181865522540706 0.1674125989397713 0.29181865522540706
0 0.168333662707502 0.2854130753861888 0.876631700092432 0.2854130753861888 0.876631700092432 0.3124588569295547 0.168333662707502 0.3124588569295547
0 0.16649153517204054 0.30890020146332237 0.8803159551633551 0.30890020146332237 0.8803159551633551 0.33167559644720956 0.16649153517204054 0.33167559644720956
0 0.1674125989397713 0.3245582855147448 0.8738685087892403 0.3245582855147448 0.8738685087892403 0.34946887377837127 0.1674125989397713 0.34946887377837127
0 0.1618862163333869 0.3473336804986319 0.8738685087892405 0.3473336804986319 0.8738685087892405 0.3722442687622584 0.1618862163333869 0.3722442687622584
0 0.16557047140430986 0.36512695782979365 0.8757106363247016 0.36512695782979365 0.8757106363247016 0.38790235281368074 0.16557047140430986 0.38790235281368074
0 0.1710968540106942 0.38292023516095547 0.8720263812537786 0.38292023516095547 0.8720263812537786 0.4056956301448425 0.1710968540106942 0.4056956301448425
0 0.17109685401069397 0.4049838990515957 0.8849212740020086 0.4049838990515957 0.8849212740020086 0.4249123696624969 0.17109685401069397 0.4249123696624969
0 0.16557047140430986 0.4220654452895114 0.8747895725569709 0.4220654452895114 0.8747895725569709 0.4476877646463844 0.16557047140430986 0.4476877646463844
0 0.17109685401069405 0.4419939159004124 0.8711053174860472 0.4419939159004124 0.8711053174860472 0.46619277307079265 0.17109685401069405 0.46619277307079265
0 0.16096515256565622 0.45836373104508144 0.8683421261828558 0.45836373104508144 0.8683421261828558 0.48398605040195464 0.16096515256565622 0.48398605040195464
0 0.1674125989397713 0.4839860504019545 0.7900517059257439 0.4839860504019545 0.7900517059257439 0.5053379831993486 0.1674125989397713 0.5053379831993486
0 0.4658372596845273 0.5274016470899893 0.5782070393476764 0.5274016470899893 0.5782070393476764 0.5565826219130946 0.4658372596845273 0.5565826219130946
0 0.47873215243275713 0.5679792263993904 0.5699174654380996 0.5679792263993904 0.5699174654380996 0.5914663524765239 0.47873215243275713 0.5914663524765239
0 0.16649153517204054 0.5964484701292503 0.31662492931214936 0.5964484701292503 0.31662492931214936 0.6234942516726162 0.16649153517204054 0.6234942516726162
0 0.22175536123588427 0.6199355962063839 0.8747895725569709 0.6199355962063839 0.8747895725569709 0.6434227222835175 0.22175536123588427 0.6434227222835175
0 0.2245185525390764 0.6384406046307923 0.8747895725569709 0.6384406046307923 0.8747895725569709 0.6626394618011723 0.2245185525390764 0.6626394618011723
0 0.21715004239723062 0.6576573441484469 0.4566266220072201 0.6576573441484469 0.4566266220072201 0.6832796635053199 0.21715004239723062 0.6832796635053199
0 0.16372834386884835 0.6768740836661017 0.4759689611295654 0.6768740836661017 0.4759689611295654 0.6996494786499888 0.16372834386884835 0.6996494786499888
0 0.22175536123588427 0.6960908231837564 0.6086021436827903 0.6960908231837564 0.6086021436827903 0.7238483358203687 0.22175536123588427 0.7238483358203687
0 0.16649153517204054 0.7145958316081648 0.3774151379823774 0.7145958316081648 0.3774151379823774 0.7373712265920518 0.16649153517204054 0.7373712265920518
0 0.22636068007453783 0.7309656467528332 0.880315955163355 0.7309656467528332 0.880315955163355 0.7601466215759388 0.22636068007453783 0.7601466215759388
0 0.21899216993269205 0.7565879661097067 0.28622982497703525 0.7565879661097067 0.28622982497703525 0.7786516300003473 0.21899216993269205 0.7786516300003473
0 0.1646494076365791 0.7729577812543753 0.2991247177252655 0.7729577812543753 0.2991247177252655 0.796444907331509 0.1646494076365791 0.796444907331509
0 0.22543961630680714 0.7928862518652767 0.613207462521444 0.7928862518652767 0.613207462521444 0.8142381846626708 0.22543961630680714 0.8142381846626708
0 0.1646494076365791 0.8135264535694243 0.37925726551783884 0.8135264535694243 0.37925726551783884 0.838437041833051 0.1646494076365791 0.838437041833051
0 0.21991323370042282 0.8270493443411069 0.8803159551633554 0.8270493443411069 0.8803159551633554 0.8562303191642122 0.21991323370042282 0.8562303191642122
0 0.2079394047199233 0.847689546045255 0.6086021436827903 0.847689546045255 0.6086021436827903 0.8775822519616068 0.2079394047199233 0.8775822519616068
0 0.16280728010111767 0.8740235964953744 0.2650453583192285 0.8740235964953744 0.2650453583192285 0.8911051427332897 0.16280728010111767 0.8911051427332897
0 0.21715004239723062 0.8925286049197827 0.613207462521444 0.8925286049197827 0.613207462521444 0.912457075530684 0.21715004239723062 0.912457075530684
0 0.361757053930955 0.9302503528618458 0.697945329152671 0.9302503528618458 0.697945329152671 0.9615665209646905 0.361757053930955 0.9615665209646905
0 0.863736807344202 0.9338090083280782 0.8757106363247015 0.9338090083280782 0.8757106363247015 0.9572961344052118 0.863736807344202 0.9572961344052118
