0 0.02195758948453346 0.11927877947295425 0.8323922559136776 0.11927877947295425 0.8323922559136776 0.16227461858529824 0.02195758948453346 0.16227461858529824
0 0.18164914937204954 0.1664355062413315 0.4651016681723905 0.1664355062413315 0.4651016681723905 0.2191400832177531 0.18164914937204954 0.2191400832177531
0 0.5569243151077123 0.24410540915395285 0.6547353955388159 0.24410540915395285 0.6547353955388159 0.3065187239944521 0.5569243151077123 0.3065187239944521
0 0.2515142068228378 0.2524271844660194 0.35331757625112925 0.2524271844660194 0.35331757625112925 0.3092926490984743 0.2515142068228378 0.3092926490984743
0 0.24752191782564992 0.332871012482663 0.34333685375815953 0.332871012482663 0.34333685375815953 0.39389736477115117 0.24752191782564992 0.39389736477115117
0 0.5609166041049002 0.332871012482663 0.6607238290345977 0.332871012482663 0.6607238290345977 0.38280166435506247 0.5609166041049002 0.38280166435506247
0 0.5589204596063062 0.40915395284327327 0.6647161180317857 0.40915395284327327 0.6647161180317857 0.4729542302357837 0.5589204596063062 0.4729542302357837
0 0.2515142068228378 0.420249653259362 0.36130215424550516 0.420249653259362 0.36130215424550516 0.46601941747572817 0.2515142068228378 0.46601941747572817
0 0.2594987848172136 0.5020804438280166 0.34932528725394146 0.5020804438280166 0.34932528725394146 0.5464632454923717 0.2594987848172136 0.5464632454923717
0 0.5529320261105244 0.4979195561719833 0.6587276845360038 0.4979195561719833 0.6587276845360038 0.5561719833564494 0.5529320261105244 0.5561719833564494
0 0.24951806232424384 0.5769764216366158 0.3593060097469112 0.5769764216366158 0.3593060097469112 0.6269070735090153 0.24951806232424384 0.6269070735090153
0 0.57089732659787 0.579750346740638 0.6647161180317855 0.579750346740638 0.6647161180317855 0.6282940360610264 0.57089732659787 0.6282940360610264
0 0.2714756518087773 0.6588072122052705 0.3632982987440991 0.6588072122052705 0.3632982987440991 0.7045769764216366 0.2714756518087773 0.7045769764216366
0 0.5589204596063062 0.6574202496532594 0.7365773199811679 0.6574202496532594 0.7365773199811679 0.7087378640776699 0.5589204596063062 0.7087378640776699
0 0.57089732659787 0.7420249653259361 0.6766929850233493 0.7420249653259361 0.6766929850233493 0.7864077669902911 0.57089732659787 0.7864077669902911
0 0.24153348432986804 0.7475728155339806 0.36928673223988095 0.7475728155339806 0.36928673223988095 0.7905686546463245 0.24153348432986804 0.7905686546463245
0 0.2614949293158076 0.8196948682385574 0.365294443242693 0.8196948682385574 0.365294443242693 0.8696255201109571 0.2614949293158076 0.8696255201109571
0 0.5649088931020881 0.8099861303744799 0.728592741986792 0.8099861303744799 0.728592741986792 0.8696255201109571 0.5649088931020881 0.8696255201109571
