0 0.21732499599606556 0.08095229454585377 0.8815593427327579 0.08095229454585377 0.8815593427327579 0.10506574398504426 0.21732499599606556 0.10506574398504426
0 0.27304935394377455 0.09731499237959017 0.8804448555738036 0.09731499237959017 0.8804448555738036 0.1231508310644371 0.27304935394377455 0.1231508310644371
0 0.27304935394377455 0.11798366332746771 0.6943255000284554 0.11798366332746771 0.6943255000284554 0.1455418912579711 0.27304935394377455 0.1455418912579711
0 0.21398153451920293 0.13520755578403235 0.8782158812558952 0.13520755578403235 0.8782158812558952 0.16534936758302043 0.21398153451920293 0.16534936758302043
0 0.27750730257959133 0.1610433944688793 0.8815593427327579 0.1610433944688793 0.8815593427327579 0.1825732600395851 0.27750730257959133 0.1825732600395851
0 0.27416384110272873 0.17654489767978743 0.697668961505318 0.17654489767978743 0.697668961505318 0.2058255148559473 0.27416384110272873 0.2058255148559473
0 0.46585563244284806 0.22477179655816848 0.5761898611793121 0.22477179655816848 0.5761898611793121 0.2531912191115001 0.46585563244284806 0.2531912191115001
0 0.47031358107866483 0.26008077609412594 0.5728463997024495 0.26008077609412594 0.5728463997024495 0.2919449771387705 0.47031358107866483 0.2919449771387705
0 0.1749744839558066 0.2885001986474576 0.3889560184750096 0.2885001986474576 0.3889560184750096 0.3195032050692739 0.1749744839558066 0.3195032050692739
0 0.20840909872443206 0.3134748427094763 0.6597763981008756 0.3134748427094763 0.6597763981008756 0.338449486771495 0.20840909872443206 0.338449486771495
0 0.21621050883711124 0.3332823190345257 0.600708578676304 0.3332823190345257 0.600708578676304 0.35911815771937267 0.21621050883711124 0.35911815771937267
0 0.24964512360573676 0.3548121846052314 0.3822690955212844 0.3548121846052314 0.3822690955212844 0.3763420501759372 0.24964512360573676 0.3763420501759372
0 0.2429582006520117 0.3746196609302806 0.36666627529592594 0.3746196609302806 0.36666627529592594 0.3995943049922993 0.2429582006520117 0.3995943049922993
0 0.24853063644678255 0.39614952650098645 0.35440691654742984 0.39614952650098645 0.35440691654742984 0.4185405866945205 0.24853063644678255 0.4185405866945205
0 0.2162105088371113 0.4150958082032076 0.8826738298917122 0.4150958082032076 0.8826738298917122 0.44265403613371096 0.2162105088371113 0.44265403613371096
0 0.21509602167815714 0.4366256737739134 0.6887530642336844 0.4366256737739134 0.6887530642336844 0.45557195547613455 0.21509602167815714 0.45557195547613455
0 0.20729461156547788 0.45557195547613444 0.8849028042096205 0.45557195547613444 0.8849028042096205 0.47624062642401205 0.20729461156547788 0.47624062642401205
0 0.26190448235423275 0.4745182371783556 0.5583580666360451 0.4745182371783556 0.5583580666360451 0.4969092973718896 0.26190448235423275 0.4969092973718896
0 0.20172217577070695 0.4960481027490612 0.8759869069379869 0.4960481027490612 0.8759869069379869 0.5158555790741105 0.20172217577070695 0.5158555790741105
0 0.23515679053933242 0.5098272167143131 0.3321171733683463 0.5098272167143131 0.3321171733683463 0.5330794715306753 0.23515679053933242 0.5330794715306753
0 0.19837871429384438 0.5296346930393624 0.5750753740203579 0.5296346930393624 0.5750753740203579 0.5537481424785529 0.19837871429384438 0.5537481424785529
0 0.20060768861175282 0.5503033639872399 0.6140824245837544 0.5503033639872399 0.6140824245837544 0.5770003972949151 0.20060768861175282 0.5770003972949151
0 0.21175256020129457 0.5709720349351175 0.5416407592517325 0.5709720349351175 0.5416407592517325 0.5942242897514798 0.21175256020129457 0.5942242897514798
0 0.20618012440652364 0.5892101649109337 0.38115460836233017 0.5892101649109337 0.38115460836233017 0.6107400304816396 0.20618012440652364 0.6107400304816396
0 0.20060768861175274 0.6107400304816395 0.3744676854086052 0.6107400304816395 0.3744676854086052 0.6322698960523453 0.20060768861175274 0.6322698960523453
0 0.20395115008861528 0.6322698960523453 0.3867270441571012 0.6322698960523453 0.3867270441571012 0.6581057347371922 0.20395115008861528 0.6581057347371922
0 0.19169179134011935 0.646049010017597 0.5293814005032365 0.646049010017597 0.5293814005032365 0.6753296271937569 0.19169179134011935 0.6753296271937569
0 0.15937166373044803 0.6839415734220391 0.5271524261853282 0.6839415734220391 0.5271524261853282 0.7071938282384015 0.15937166373044803 0.7071938282384015
0 0.21398153451920293 0.7063326336155733 0.7545078066119811 0.7063326336155733 0.7545078066119811 0.7356132507917332 0.21398153451920293 0.7356132507917332
0 0.21843948315501968 0.7270013045634508 0.4781149911913442 0.7270013045634508 0.4781149911913442 0.7476699755113283 0.21843948315501968 0.7476699755113283
0 0.21509602167815714 0.7442251970200153 0.48591640130402336 0.7442251970200153 0.48591640130402336 0.7683386464592058 0.21509602167815714 0.7683386464592058
0 0.2162105088371113 0.7640326733450649 0.5037481958472902 0.7640326733450649 0.5037481958472902 0.7872849281614271 0.2162105088371113 0.7872849281614271
0 0.21843948315501968 0.7829789550472859 0.6207693475374794 0.7829789550472859 0.6207693475374794 0.809675988354961 0.21843948315501968 0.809675988354961
0 0.22066845747292804 0.8036476259951633 0.8113466517186445 0.8036476259951633 0.8113466517186445 0.828622270057182 0.22066845747292804 0.828622270057182
0 0.22624089326769897 0.8251774915658692 0.8759869069379873 0.8251774915658692 0.8759869069379873 0.8501521356278878 0.22624089326769897 0.8501521356278878
0 0.28307973837436223 0.8424013840224337 0.8737579326200787 0.8424013840224337 0.8737579326200787 0.8699596119529373 0.28307973837436223 0.8699596119529373
0 0.27304935394377455 0.8622088603474833 0.5070916573241527 0.8622088603474833 0.5070916573241527 0.8854611151638455 0.27304935394377455 0.8854611151638455
0 0.2095235858833862 0.8802939474268761 0.8782158812558952 0.8802939474268761 0.8782158812558952 0.9018238129975816 0.2095235858833862 0.9018238129975816
0 0.26747691814900365 0.9009626183747536 0.5561290923181369 0.9009626183747536 0.5561290923181369 0.9233536785682875 0.26747691814900365 0.9233536785682875
0 0.35663589086533826 0.9328268194193983 0.6865240899157762 0.9328268194193983 0.6865240899157762 0.9569402688585886 0.35663589086533826 0.9569402688585886
0 0.8470102408051783 0.9285208463052572 0.8837883170506664 0.9285208463052572 0.8837883170506664 0.9578014634814169 0.8470102408051783 0.9578014634814169
