0 0.2035053552250336 0.07483781272377331 0.8814478940168623 0.07483781272377331 0.8814478940168623 0.10609917753243812 0.2035053552250336 0.10609917753243812
0 0.24518717496992 0.10704649161754916 0.8802219581420129 0.10704649161754916 0.8802219581420129 0.12220351697932602 0.24518717496992 0.12220351697932602
0 0.2500909184693184 0.12315083106443708 0.31996926333574555 0.12315083106443708 0.31996926333574555 0.14209711276665818 0.2500909184693184 0.14209711276665818
0 0.20227941935018404 0.139255170511325 0.5933529634272063 0.139255170511325 0.5933529634272063 0.1600960803837682 0.20227941935018404 0.1600960803837682
0 0.2120869063489808 0.1600960803837682 0.882673829891712 0.1600960803837682 0.882673829891712 0.17998967617110032 0.2120869063489808 0.17998967617110032
0 0.2537687260938672 0.17809504800087825 0.8765441505174638 0.17809504800087825 0.8765441505174638 0.20083058604354354 0.2537687260938672 0.20083058604354354
0 0.24886498259446885 0.19988327195843247 0.8753182146426144 0.19988327195843247 0.8753182146426144 0.2207241818308757 0.24886498259446885 0.2207241818308757
0 0.2537687260938672 0.21504029732020938 0.7318837172852112 0.21504029732020938 0.7318837172852112 0.24061777761820785 0.2537687260938672 0.24061777761820785
0 0.19860161172563517 0.23682852127776363 0.8838997657665614 0.23682852127776363 0.8838997657665614 0.2633533156608731 0.19860161172563517 0.2633533156608731
0 0.24028343147052159 0.2567221170650958 0.8753182146426144 0.2567221170650958 0.8753182146426144 0.27851034102265004 0.24028343147052159 0.27851034102265004
0 0.2525427902190176 0.27187914242687267 0.5676083100553648 0.27187914242687267 0.5676083100553648 0.2946146804695379 0.2525427902190176 0.2946146804695379
0 0.20718316284958238 0.2936673663844269 0.8789960222671634 0.2936673663844269 0.8789960222671634 0.3154555903419812 0.20718316284958238 0.3154555903419812
0 0.24886498259446885 0.31640290442709224 0.5308302338098768 0.31640290442709224 0.5308302338098768 0.3381911283846465 0.24886498259446885 0.3381911283846465
0 0.20718316284958238 0.33440187204420224 0.8777700863923137 0.33440187204420224 0.8777700863923137 0.3561900960017565 0.20718316284958238 0.3561900960017565
0 0.2537687260938672 0.35713741008686756 0.8777700863923135 0.35713741008686756 0.8777700863923135 0.37892563404442176 0.2537687260938672 0.37892563404442176
0 0.25131685434416795 0.3722944354486444 0.4511444019446528 0.3722944354486444 0.4511444019446528 0.3978719157466429 0.25131685434416795 0.3978719157466429
0 0.20840909872443195 0.3940826594061986 0.8838997657665614 0.3940826594061986 0.8838997657665614 0.4149235692786419 0.20840909872443195 0.4149235692786419
0 0.2439612390950704 0.41018699885308657 0.4180441333237136 0.41018699885308657 0.4180441333237136 0.43386985098086295 0.2439612390950704 0.43386985098086295
0 0.20473129109988317 0.42913328055530764 0.885125701641411 0.42913328055530764 0.885125701641411 0.45471076085330614 0.20473129109988317 0.45471076085330614
0 0.24763904671961923 0.4509215045128619 0.8753182146426144 0.4509215045128619 0.8753182146426144 0.47460435664063827 0.24763904671961923 0.47460435664063827
0 0.2549946619687168 0.46513121578952776 0.7196243585367151 0.46513121578952776 0.7196243585367151 0.4897613820024152 0.2549946619687168 0.4897613820024152
0 0.20595722697473282 0.4878667538321931 0.7233021661612639 0.4878667538321931 0.7233021661612639 0.5124969200450804 0.20595722697473282 0.5124969200450804
0 0.20595722697473282 0.5068130355344141 0.8777700863923135 0.5068130355344141 0.8777700863923135 0.5333378299175237 0.20595722697473282 0.5333378299175237
0 0.2439612390950704 0.5295485735770794 0.882673829891712 0.5295485735770794 0.882673829891712 0.5503894834495227 0.2439612390950704 0.5503894834495227
0 0.2464131108447696 0.5475475411941895 0.8924813168905088 0.5475475411941895 0.8924813168905088 0.5712303933219658 0.2464131108447696 0.5712303933219658
0 0.2500909184693184 0.5627045665559663 0.8838997657665616 0.5627045665559663 0.8838997657665616 0.5939659313646312 0.2500909184693184 0.5939659313646312
0 0.2366056238459728 0.5854401045986316 0.3420361090830384 0.5854401045986316 0.3420361090830384 0.6100702708115191 0.2366056238459728 0.6100702708115191
0 0.15324198435619998 0.620127051870467 0.9010628680144561 0.620127051870467 0.9010628680144561 0.6485464744237985 0.15324198435619998 0.6485464744237985
0 0.14833824085680158 0.6438099039982431 0.3408101732081888 0.6438099039982431 0.3408101732081888 0.6703346983813527 0.14833824085680158 0.6703346983813527
0 0.22802407272202563 0.6627561857004644 0.8912553810156593 0.6627561857004644 0.8912553810156593 0.6892809800835739 0.22802407272202563 0.6892809800835739
0 0.263576213092664 0.6826497814877964 0.4523703378195024 0.6826497814877964 0.4523703378195024 0.7063326336155727 0.263576213092664 0.7063326336155727
0 0.22434626509747682 0.7025433772751287 0.8826738298917122 0.7025433772751287 0.8826738298917122 0.7233842871475721 0.22434626509747682 0.7233842871475721
0 0.27583557184116 0.7186477167220165 0.48669654231529125 0.7186477167220165 0.48669654231529125 0.7461198251902372 0.27583557184116 0.7461198251902372
0 0.2353796879711232 0.7385413125093485 0.8900294451408097 0.7385413125093485 0.8900294451408097 0.7679080491477915 0.2353796879711232 0.7679080491477915
0 0.26847995659206236 0.7631714787222363 0.35919921133093285 0.7631714787222363 0.35919921133093285 0.7821177604244571 0.26847995659206236 0.7821177604244571
0 0.22434626509747682 0.7802231322542351 0.6436163342960399 0.7802231322542351 0.6436163342960399 0.8029586702969004 0.22434626509747682 0.8029586702969004
0 0.23292781622142397 0.7972747857862339 0.5222486826859295 0.7972747857862339 0.5222486826859295 0.8256942083395657 0.23292781622142397 0.8256942083395657
0 0.226798136847176 0.8190630097437883 0.885125701641411 0.8190630097437883 0.885125701641411 0.8465351182120088 0.226798136847176 0.8465351182120088
0 0.2721577642166112 0.8389566055311206 0.3873957364524736 0.8389566055311206 0.3873957364524736 0.863586771744008 0.2721577642166112 0.863586771744008
0 0.23292781622142397 0.8541136308928975 0.8814478940168623 0.8541136308928975 0.8814478940168623 0.881585739361118 0.23292781622142397 0.881585739361118
0 0.27093182834176166 0.8777964830206737 0.4989559010637873 0.8777964830206737 0.4989559010637873 0.899584706978228 0.27093182834176166 0.899584706978228
0 0.3542954678315343 0.9336880140422259 0.6828462822912271 0.9336880140422259 0.6828462822912271 0.953581609829558 0.3542954678315343 0.953581609829558
0 0.8507994971456223 0.9336880140422259 0.8838997657665614 0.9336880140422259 0.8838997657665614 0.9611601225104464 0.8507994971456223 0.9611601225104464
