0 0.21732499599606556 0.07578512680888437 0.8804448555738036 0.07578512680888437 0.8804448555738036 0.10162096549373131 0.21732499599606556 0.10162096549373131
0 0.24184371349305744 0.0981761870024184 0.4324210176742225 0.0981761870024184 0.4324210176742225 0.12401202568726534 0.24184371349305744 0.12401202568726534
0 0.22401191894979056 0.11970605257312418 0.7756830626321105 0.11970605257312418 0.7756830626321105 0.14726428050362755 0.22401191894979056 0.14726428050362755
0 0.15268474077672292 0.15329264286342523 0.8849028042096205 0.15329264286342523 0.8849028042096205 0.1825732600395851 0.15268474077672292 0.1825732600395851
0 0.15045576645881456 0.1808508707939286 0.48480191414506923 0.1808508707939286 0.48480191414506923 0.20410312561029087 0.15045576645881456 0.20410312561029087
0 0.21398153451920293 0.1989359578733215 0.8726434454611245 0.1989359578733215 0.8726434454611245 0.22218821268968375 0.21398153451920293 0.22218821268968375
0 0.20729461156547788 0.21529865570705786 0.5706174253845412 0.21529865570705786 0.5706174253845412 0.23768971590059185 0.20729461156547788 0.23768971590059185
0 0.22531807871759932 0.23722882590215125 0.5945047955352875 0.23722882590215125 0.5945047955352875 0.2607571265053404 0.22531807871759932 0.2607571265053404
0 0.2199896106398186 0.25663967389978226 0.5404589050320804 0.25663967389978226 0.5404589050320804 0.28193259704821055 0.2199896106398186 0.28193259704821055
0 0.21846719118902402 0.2772269369275728 0.3851721210510319 0.2772269369275728 0.3851721210510319 0.29957882250060247 0.21846719118902402 0.29957882250060247
0 0.21542235228743484 0.29546136989504435 0.36994792654308595 0.29546136989504435 0.36994792654308595 0.3160486329228348 0.21542235228743484 0.3160486329228348
0 0.21237751338584562 0.31604863292283486 0.3813660724240454 0.31604863292283486 0.3813660724240454 0.33722410346570514 0.21237751338584562 0.33722410346570514
0 0.22151203009061315 0.3348712734053862 0.5259959202495317 0.3348712734053862 0.5259959202495317 0.35487032891809694 0.22151203009061315 0.35487032891809694
0 0.1674661395874052 0.3701637243101699 0.37603760434626443 0.3701637243101699 0.37603760434626443 0.39545664745859826 0.1674661395874052 0.39545664745859826
0 0.20857146475885918 0.39251560988319967 0.8860481203624528 0.39251560988319967 0.8860481203624528 0.41722032551654825 0.20857146475885918 0.41722032551654825
0 0.2359750148731619 0.4125146653959104 0.6904172209353477 0.4125146653959104 0.6904172209353477 0.4354547584840199 0.2359750148731619 0.4354547584840199
0 0.21542235228743484 0.43369013593878075 0.6995517376401152 0.43369013593878075 0.6995517376401152 0.4560420215118104 0.21542235228743484 0.4560420215118104
0 0.2169447717382294 0.45074815387609285 0.5906987469083018 0.45074815387609285 0.5906987469083018 0.47545286950944143 0.2169447717382294 0.47545286950944143
0 0.2169447717382294 0.47133541690388336 0.8784360231084798 0.47133541690388336 0.8784360231084798 0.49368730247691306 0.2169447717382294 0.49368730247691306
0 0.2565276774588888 0.48839343484119546 0.5594891481670127 0.48839343484119546 0.5594891481670127 0.5107453204142252 0.2565276774588888 0.5107453204142252
0 0.20476541613187269 0.5088467249084263 0.8776748133830826 0.5088467249084263 0.8776748133830826 0.5317868179965357 0.20476541613187269 0.5317868179965357
0 0.23369138569696993 0.5300221954512965 0.876152393932288 0.5300221954512965 0.876152393932288 0.5488448359338478 0.23369138569696993 0.5488448359338478
0 0.23673622459855911 0.550609458479087 0.8753911842068907 0.550609458479087 0.8753911842068907 0.5688438914465586 0.23673622459855911 0.5688438914465586
0 0.23901985377475107 0.5688438914465586 0.6744318167020046 0.5688438914465586 0.6744318167020046 0.5900193619894288 0.23901985377475107 0.5900193619894288
0 0.2070490453080646 0.6035481348362627 0.5868926982813154 0.6035481348362627 0.5868926982813154 0.6270764354394519 0.2070490453080646 0.6270764354394519
0 0.21846719118902402 0.6241353978640531 0.8776748133830826 0.6241353978640531 0.8776748133830826 0.6464872834370831 0.21846719118902402 0.6464872834370831
0 0.2641397747128618 0.6423698308315247 0.8890929592640422 0.6423698308315247 0.8890929592640422 0.6658981314347139 0.2641397747128618 0.6658981314347139
0 0.2649009844382591 0.6600160562839166 0.8753911842068905 0.6600160562839166 0.8753911842068905 0.6870736019775843 0.2649009844382591 0.6870736019775843
0 0.26337856498746454 0.6823679418569462 0.3296038110970292 0.6823679418569462 0.3296038110970292 0.7041316199148964 0.26337856498746454 0.7041316199148964
0 0.21466114256203753 0.707072657490295 0.8860481203624526 0.707072657490295 0.8860481203624526 0.7247188829426867 0.21466114256203753 0.7247188829426867
0 0.259572516360478 0.7229542603974476 0.8852869106370554 0.7229542603974476 0.8852869106370554 0.7458943534855572 0.259572516360478 0.7458943534855572
0 0.2641397747128618 0.7411886933649191 0.5168614035447642 0.7411886933649191 0.5168614035447642 0.7635405789379488 0.2641397747128618 0.7635405789379488
0 0.2245568689922024 0.7635405789379489 0.8814808620100691 0.7635405789379489 0.8814808620100691 0.7835396344506598 0.2245568689922024 0.7835396344506598
0 0.25805009690968345 0.7800103893601813 0.8769136036576852 0.7800103893601813 0.8769136036576852 0.8058915200236895 0.25805009690968345 0.8058915200236895
0 0.2649009844382584 0.7988330298427312 0.7612097253972943 0.7988330298427312 0.7612097253972943 0.8241259529911611 0.2649009844382584 0.8241259529911611
0 0.20857146475885918 0.8164792552951244 0.48412938535268046 0.8164792552951244 0.48412938535268046 0.8423603859586324 0.20857146475885918 0.8423603859586324
0 0.21922840091442136 0.8347136882625961 0.8830032814608637 0.8347136882625961 0.8830032814608637 0.8623594414713434 0.21922840091442136 0.8623594414713434
0 0.21922840091442136 0.8570655738356258 0.8860481203624528 0.8570655738356258 0.8860481203624528 0.8805938744388149 0.21922840091442136 0.8805938744388149
0 0.21085509393505106 0.8753000068030974 0.8472264243671908 0.8753000068030974 0.8472264243671908 0.9029457600118445 0.21085509393505106 0.9029457600118445
0 0.3600522001129211 0.9335325507959905 0.6934620598369369 0.9335325507959905 0.6934620598369369 0.9547080213388608 0.3600522001129211 0.9547080213388608
0 0.8441815854656015 0.9329443432809108 0.8830032814608637 0.9329443432809108 0.8830032814608637 0.9529433987936216 0.8441815854656015 0.9529433987936216
