0 0.13371917509479173 0.15416339150887348 0.8785206019668574 0.15416339150887348 0.8785206019668574 0.18522074830508317 0.13371917509479173 0.18522074830508317
0 0.050324420734599015 0.176809380839443 0.5550064686730064 0.176809380839443 0.5550064686730064 0.2065726811024773 0.050324420734599015 0.2065726811024773
0 0.12509213154028898 0.20592565283588957 0.3882169599526211 0.20592565283588957 0.3882169599526211 0.22663055736669604 0.12509213154028898 0.22663055736669604
0 0.14525482638369505 0.22101600193479454 0.8715289583021701 0.22101600193479454 0.8715289583021701 0.25133005265834824 0.14525482638369505 0.25133005265834824
0 0.058943987518021185 0.24090959772212667 0.8841598127703176 0.24090959772212667 0.8841598127703176 0.2731182766159025 0.058943987518021185 0.2731182766159025
0 0.05683884510666328 0.263645135764792 0.4631313304987378 0.263645135764792 0.4631313304987378 0.2892226160627904 0.05683884510666328 0.2892226160627904
0 0.13051882950418958 0.2844860456372351 0.8778443855362437 0.2844860456372351 0.8778443855362437 0.3157474104458999 0.13051882950418958 0.3157474104458999
0 0.06315427234073696 0.31101084002034474 0.3073507920582532 0.31101084002034474 0.3073507920582532 0.3356410062332321 0.06315427234073696 0.3356410062332321
0 0.13893939914962133 0.3261678653821216 0.8715289583021703 0.3261678653821216 0.8715289583021703 0.35553460202056425 0.13893939914962133 0.35553460202056425
0 0.06736455716345277 0.35269265976523106 0.4020822005693587 0.35269265976523106 0.4020822005693587 0.3792174541483406 0.06736455716345277 0.3792174541483406
0 0.13683425673826344 0.37258625555256325 0.4862878970236747 0.37258625555256325 0.4862878970236747 0.3991110499356728 0.13683425673826344 0.3991110499356728
0 0.13051882950418972 0.3915325372547844 0.8757392431248859 0.3915325372547844 0.8757392431248859 0.420899273893227 0.13051882950418972 0.420899273893227
0 0.05683884510666328 0.419951959808116 0.6147015841165064 0.419951959808116 0.6147015841165064 0.4436348119358923 0.05683884510666328 0.4436348119358923
0 0.13051882950418972 0.437950927425226 0.6525941475209488 0.437950927425226 0.6525941475209488 0.46352840772322446 0.13051882950418972 0.46352840772322446
0 0.14314968397233713 0.4663703499785577 0.873634100713528 0.4663703499785577 0.873634100713528 0.4881585739361119 0.14314968397233713 0.4881585739361119
0 0.052628560283947474 0.4862639457658899 0.8946855248271072 0.4862639457658899 0.8946855248271072 0.506157541553222 0.052628560283947474 0.506157541553222
0 0.05683884510666328 0.5033155992978887 0.8820546703589596 0.5033155992978887 0.8820546703589596 0.5326823359363314 0.05683884510666328 0.5326823359363314
0 0.05683884510666328 0.5288930795958873 0.208409098724432 0.5288930795958873 0.208409098724432 0.55825981623433 0.05683884510666328 0.55825981623433
0 0.13472911432690554 0.5516286176385525 0.8778443855362438 0.5516286176385525 0.8778443855362438 0.5743641556812179 0.13472911432690554 0.5743641556812179
0 0.052628560283947474 0.575311469766329 0.7894284042592121 0.575311469766329 0.7894284042592121 0.597099693723883 0.052628560283947474 0.597099693723883
0 0.11999311744740025 0.5942577514685501 0.8988958096498227 0.5942577514685501 0.8988958096498227 0.6188879176814375 0.11999311744740025 0.6188879176814375
0 0.03999770581580008 0.6207825458516595 0.8967906672384649 0.6207825458516595 0.8967906672384649 0.6425707698092139 0.03999770581580008 0.6425707698092139
0 0.04631313304987377 0.6416234557241028 0.562073023832559 0.6416234557241028 0.562073023832559 0.6709901923625455 0.04631313304987377 0.6709901923625455
0 0.10736226297925283 0.6586751092561017 0.4441850487965166 0.6586751092561017 0.4441850487965166 0.6937257304052107 0.10736226297925283 0.6937257304052107
0 0.1326239719155476 0.6833052754689891 0.9031060944725386 0.6833052754689891 0.9031060944725386 0.7145666402776537 0.1326239719155476 0.7145666402776537
0 0.033682278581726385 0.7126720121074318 0.9073163792952543 0.7126720121074318 0.9073163792952543 0.7373021783203192 0.033682278581726385 0.7373021783203192
0 0.03578742099308428 0.7316182938096528 0.7283792743298331 0.7316182938096528 0.7283792743298331 0.7609850304480955 0.03578742099308428 0.7609850304480955
0 0.04631313304987377 0.7751947417247613 0.3010353648241796 0.7751947417247613 0.3010353648241796 0.7969829656823157 0.04631313304987377 0.7969829656823157
