0 0.33863581004039267 0.08529008968656071 0.8886069904745436 0.08529008968656071 0.8886069904745436 0.10940659780482956 0.33863581004039267 0.10940659780482956
0 0.3943817541993762 0.11470046544054714 0.8902710485091403 0.11470046544054714 0.8902710485091403 0.13646414349849711 0.3943817541993762 0.13646414349849711
0 0.3885575510782883 0.1423462186492944 0.8827827873534558 0.1423462186492944 0.8827827873534558 0.16646272676756324 0.3885575510782883 0.16646272676756324
0 0.3960458122339727 0.17058017937312142 0.8811187293188594 0.17058017937312142 0.8811187293188594 0.1899910273707525 0.3960458122339727 0.1899910273707525
0 0.3927176961647796 0.1970495175517086 0.8927671355610352 0.1970495175517086 0.8927671355610352 0.21646036554933962 0.3927176961647796 0.21646036554933962
0 0.39521378321667444 0.2264598933056955 0.8802867003015611 0.2264598933056955 0.8802867003015611 0.2458707413033266 0.39521378321667444 0.2458707413033266
0 0.38938958009558655 0.2535174389993626 0.8894390194918421 0.2535174389993626 0.8894390194918421 0.2729282869969936 0.38938958009558655 0.2729282869969936
0 0.38689349304369164 0.2817513997231895 0.8869429324399472 0.2817513997231895 0.8869429324399472 0.3011622477208205 0.38689349304369164 0.3011622477208205
0 0.3902216091128848 0.30763253038669763 0.8902710485091403 0.30763253038669763 0.8902710485091403 0.3270433783843287 0.3902216091128848 0.3270433783843287
0 0.38439740599179684 0.33233724602004616 0.8844468453880524 0.33233724602004616 0.8844468453880524 0.3517480940176772 0.38439740599179684 0.3517480940176772
0 0.3885575510782882 0.3629240368041921 0.8886069904745438 0.3629240368041921 0.8886069904745438 0.38233488480182315 0.3885575510782882 0.38233488480182315
0 0.39022160911288395 0.3876287524375406 0.8902710485091386 0.3876287524375406 0.8902710485091386 0.4123334680708893 0.39022160911288395 0.4123334680708893
0 0.39271769616477864 0.41350988310104847 0.8927671355610334 0.41350988310104847 0.8927671355610334 0.44409667388519436 0.39271769616477864 0.44409667388519436
0 0.39188566714748047 0.4411556363097958 0.8919351065437352 0.4411556363097958 0.8919351065437352 0.47174242709394165 0.39188566714748047 0.47174242709394165
0 0.3477881292306726 0.4693895970336208 0.8911030775264356 0.4693895970336208 0.8911030775264356 0.4999763878177666 0.3477881292306726 0.4999763878177666
0 0.39521378321667344 0.49821176527252947 0.8952632226129282 0.49821176527252947 0.8952632226129282 0.5287985560566754 0.39521378321667344 0.5287985560566754
0 0.3885575510782873 0.5211518583606389 0.8886069904745422 0.5211518583606389 0.8886069904745422 0.5517386491447848 0.3885575510782873 0.5517386491447848
0 0.384397405991796 0.5505622341146253 0.8844468453880507 0.5505622341146253 0.8844468453880507 0.5811490248987712 0.384397405991796 0.5811490248987712
0 0.39022160911288384 0.5758551572630537 0.8902710485091386 0.5758551572630537 0.8902710485091386 0.6064419480471995 0.39022160911288384 0.6064419480471995
0 0.39188566714748047 0.6046773255019604 0.8919351065437352 0.6046773255019604 0.8919351065437352 0.6352641162861064 0.39188566714748047 0.6352641162861064
0 0.38439740599179606 0.629382041135309 0.8844468453880507 0.629382041135309 0.8844468453880507 0.659968831919455 0.38439740599179606 0.659968831919455
0 0.38190131893990126 0.6593806244043754 0.881950758336156 0.6593806244043754 0.881950758336156 0.6899674151885212 0.38190131893990126 0.6899674151885212
0 0.3877255220609891 0.6870263776131226 0.8877749614572439 0.6870263776131226 0.8877749614572439 0.7176131683972685 0.3877255220609891 0.7176131683972685
0 0.3902216091128839 0.7123193007615507 0.8902710485091386 0.7123193007615507 0.8902710485091386 0.7429060915456966 0.3902216091128839 0.7429060915456966
0 0.3877255220609884 0.7423178840306122 0.4634401626351306 0.7423178840306122 0.4634401626351306 0.7729046748147578 0.3877255220609884 0.7729046748147578
0 0.3427959551268838 0.7688344465736666 0.9027514837686138 0.7688344465736666 0.9027514837686138 0.7988330298427327 0.3427959551268838 0.7988330298427327
0 0.39105363813018285 0.7988330298427271 0.9010874257340159 0.7988330298427271 0.9010874257340159 0.8288316131117932 0.39105363813018285 0.8288316131117932
0 0.3927176961647794 0.8258905755363932 0.8985913386821215 0.8258905755363932 0.8985913386821215 0.8558891588054592 0.3927176961647794 0.8558891588054592
0 0.381901318939902 0.8582419888657757 0.8994233676994174 0.8582419888657757 0.8994233676994174 0.8882405721348416 0.381901318939902 0.8882405721348416
0 0.48257683003299195 0.928238683160273 0.5150259617076242 0.928238683160273 0.5150259617076242 0.9482377386729838 0.48257683003299195 0.9482377386729838
