0 0.22561630352109524 0.07905686546463246 0.9044270949845642 0.07905686546463246 0.9044270949845642 0.11373092926490985 0.22561630352109524 0.11373092926490985
0 0.16283611471522527 0.10818307905686546 0.8985414522840142 0.10818307905686546 0.8985414522840142 0.14008321775312066 0.16283611471522527 0.14008321775312066
0 0.17853116191669272 0.1317614424410541 0.24523511252292954 0.1317614424410541 0.24523511252292954 0.17337031900138697 0.17853116191669272 0.17337031900138697
0 0.10790344951008903 0.17059639389736478 0.908350856784931 0.17059639389736478 0.908350856784931 0.2108183079056865 0.10790344951008903 0.2108183079056865
0 0.170683638315959 0.20665742024965325 0.24915887432329645 0.20665742024965325 0.24915887432329645 0.24549237170596394 0.170683638315959 0.24549237170596394
0 0.21973066082054493 0.23578363384188628 0.8965795713838304 0.23578363384188628 0.8965795713838304 0.2635228848821082 0.21973066082054493 0.2635228848821082
0 0.18049304281687617 0.2635228848821082 0.7651335510715404 0.2635228848821082 0.7651335510715404 0.29403606102635227 0.18049304281687617 0.29403606102635227
0 0.24523511252292962 0.2884882108183079 0.8789226432821797 0.2884882108183079 0.8789226432821797 0.32038834951456313 0.24523511252292962 0.32038834951456313
0 0.16872175741577558 0.319001386962552 0.5140127958480605 0.319001386962552 0.5140127958480605 0.3453536754507628 0.16872175741577558 0.3453536754507628
0 0.23150194622164552 0.34674063800277394 0.8848082859827298 0.34674063800277394 0.8848082859827298 0.3800277392510403 0.23150194622164552 0.3800277392510403
0 0.1765692810165093 0.37447988904299584 0.8965795713838306 0.37447988904299584 0.8965795713838306 0.40360610263522884 0.1765692810165093 0.40360610263522884
0 0.16283611471522527 0.40499306518723993 0.39629994183705425 0.40499306518723993 0.39629994183705425 0.43134535367545074 0.16283611471522527 0.43134535367545074
0 0.22561630352109524 0.42857142857142855 0.8926558095834636 0.42857142857142855 0.8926558095834636 0.4590846047156727 0.22561630352109524 0.4590846047156727
0 0.17853116191669277 0.4549237170596394 0.8965795713838306 0.4549237170596394 0.8965795713838306 0.49098474341192794 0.17853116191669277 0.49098474341192794
0 0.170683638315959 0.4826629680998613 0.40610934633797147 0.4826629680998613 0.40610934633797147 0.5312066574202496 0.170683638315959 0.5312066574202496
0 0.11771285401100622 0.5298196948682385 0.9005033331841974 0.5298196948682385 0.9005033331841974 0.5603328710124826 0.11771285401100622 0.5603328710124826
0 0.1667598765155921 0.5561719833564494 0.32567222943045054 0.5561719833564494 0.32567222943045054 0.5880721220527044 0.1667598765155921 0.5880721220527044
0 0.22954006532146212 0.5866851595006936 0.8946176904836471 0.5866851595006936 0.8946176904836471 0.6144244105409155 0.22954006532146212 0.6144244105409155
0 0.15891235291485814 0.6130374479889046 0.45319448794237355 0.6130374479889046 0.45319448794237355 0.6421636615811374 0.15891235291485814 0.6421636615811374
0 0.23150194622164552 0.6393897364771152 0.8946176904836471 0.6393897364771152 0.8946176904836471 0.6726768377253816 0.23150194622164552 0.6726768377253816
0 0.16872175741577558 0.6643550624133148 0.7965236454744754 0.6643550624133148 0.7965236454744754 0.7073509015256588 0.16872175741577558 0.7073509015256588
0 0.11771285401100622 0.7045769764216366 0.8906939286832803 0.7045769764216366 0.8906939286832803 0.7434119278779472 0.11771285401100622 0.7434119278779472
0 0.16872175741577558 0.7337031900138696 0.7043152431658538 0.7337031900138696 0.7043152431658538 0.7683772538141471 0.16872175741577558 0.7683772538141471
0 0.20795937541944431 0.769764216366158 0.8004474072748422 0.769764216366158 0.8004474072748422 0.8016643550624132 0.20795937541944431 0.8016643550624132
0 0.11182721131045589 0.8058252427184466 0.7925998836741085 0.8058252427184466 0.7925998836741085 0.8404993065187241 0.11182721131045589 0.8404993065187241
0 0.16087423381504182 0.8391123439667129 0.912274618585298 0.8391123439667129 0.912274618585298 0.8654646324549236 0.16087423381504182 0.8654646324549236
0 0.15302671021430808 0.8710124826629679 0.8828464050825467 0.8710124826629679 0.8828464050825467 0.89875173370319 0.15302671021430808 0.89875173370319
0 0.4826227014451254 0.926490984743412 0.5316697239497112 0.926490984743412 0.5316697239497112 0.9528432732316228 0.4826227014451254 0.9528432732316228
