0 0.16087423381504182 0.08044382801664356 0.6591919824616347 0.08044382801664356 0.6591919824616347 0.10818307905686546 0.16087423381504182 0.10818307905686546
0 0.23150194622164552 0.11095700416088766 0.8946176904836471 0.11095700416088766 0.8946176904836471 0.14285714285714285 0.23150194622164552 0.14285714285714285
0 0.29624401592769894 0.13314840499306518 0.8906939286832803 0.13314840499306518 0.8906939286832803 0.16920943134535368 0.29624401592769894 0.16920943134535368
0 0.30605342042861616 0.1608876560332871 0.48262270144512553 0.1608876560332871 0.48262270144512553 0.19001386962552014 0.30605342042861616 0.19001386962552014
0 0.21580689902017805 0.1914008321775312 0.8946176904836471 0.1914008321775312 0.8946176904836471 0.22052704576976426 0.21580689902017805 0.22052704576976426
0 0.30212965862824925 0.22191400832177532 0.8632275960807122 0.22191400832177532 0.8632275960807122 0.24965325936199723 0.30212965862824925 0.24965325936199723
0 0.23542570802201243 0.24410540915395285 0.88480828598273 0.24410540915395285 0.88480828598273 0.27600554785020803 0.23542570802201243 0.27600554785020803
0 0.30212965862824925 0.27600554785020803 0.5238222003489776 0.27600554785020803 0.5238222003489776 0.2995839112343966 0.30212965862824925 0.2995839112343966
0 0.23934946982237926 0.2912621359223301 0.8867701668829135 0.2912621359223301 0.8867701668829135 0.334257975034674 0.23934946982237926 0.334257975034674
0 0.2923202541273321 0.3300970873786408 0.6454588161603508 0.3300970873786408 0.6454588161603508 0.3606102635228849 0.2923202541273321 0.3606102635228849
0 0.22561630352109524 0.35922330097087385 0.8887320477830969 0.35922330097087385 0.8887320477830969 0.38696255201109575 0.22561630352109524 0.38696255201109575
0 0.29624401592769894 0.38696255201109575 0.5316697239497113 0.38696255201109575 0.5316697239497113 0.41331484049930656 0.29624401592769894 0.41331484049930656
0 0.23542570802201243 0.4133148404993065 0.8926558095834638 0.4133148404993065 0.8926558095834638 0.44382801664355065 0.23542570802201243 0.44382801664355065
0 0.29624401592769894 0.43134535367545074 0.4335756789405395 0.43134535367545074 0.4335756789405395 0.46601941747572817 0.29624401592769894 0.46601941747572817
0 0.22757818442127867 0.4646324549237171 0.8946176904836474 0.4646324549237171 0.8946176904836474 0.49930651872399445 0.22757818442127867 0.49930651872399445
0 0.2982058968278824 0.49791955617198336 0.8926558095834638 0.49791955617198336 0.8926558095834638 0.5242718446601943 0.2982058968278824 0.5242718446601943
0 0.2982058968278824 0.5242718446601942 0.4316137980403561 0.5242718446601942 0.4316137980403561 0.5533980582524272 0.2982058968278824 0.5533980582524272
0 0.23934946982237926 0.5520110957004161 0.8965795713838306 0.5520110957004161 0.8965795713838306 0.579750346740638 0.23934946982237926 0.579750346740638
0 0.28839649232696524 0.5769764216366158 0.7886761218737417 0.5769764216366158 0.7886761218737417 0.6074895977808599 0.28839649232696524 0.6074895977808599
0 0.23985839842417525 0.6059173405938011 0.8897540589589518 0.6059173405938011 0.8897540589589518 0.6419152758280211 0.23985839842417525 0.6419152758280211
0 0.2974780136880833 0.6296001927215775 0.840174390010938 0.6296001927215775 0.840174390010938 0.6570723011897981 0.2974780136880833 0.6570723011897981
0 0.22779847895033403 0.6655981279557976 0.8857340858010048 0.6655981279557976 0.8857340858010048 0.6883336659984629 0.22779847895033403 0.6883336659984629
0 0.30149798684603035 0.689280980083574 0.8830541036957067 0.689280980083574 0.8830541036957067 0.7158057744666834 0.30149798684603035 0.7158057744666834
0 0.3028379778986794 0.7158057744666835 0.49043672526954274 0.7158057744666835 0.49043672526954274 0.7423305688497931 0.3028379778986794 0.7423305688497931
0 0.22779847895033403 0.7451725111051262 0.89243404106425 0.7451725111051262 0.89243404106425 0.7726446195733468 0.22779847895033403 0.7726446195733468
0 0.30417796895132837 0.7726446195733468 0.4596169310586152 0.7726446195733468 0.4596169310586152 0.7963274717011232 0.30417796895132837 0.7963274717011232
0 0.22913847000298307 0.7991694139564562 0.8843940947483557 0.7991694139564562 0.8843940947483557 0.8285361505948992 0.22913847000298307 0.8285361505948992
0 0.3028379778986794 0.8275888365097879 0.8897540589589519 0.8275888365097879 0.8897540589589519 0.8531663168077863 0.3028379778986794 0.8531663168077863
0 0.3108779242145735 0.8569555731482307 0.8924340410642498 0.8569555731482307 0.8924340410642498 0.881585739361118 0.3108779242145735 0.881585739361118
0 0.3081979421092755 0.884427681616451 0.6110359200079549 0.884427681616451 0.6110359200079549 0.9081105337442275 0.3081979421092755 0.9081105337442275
0 0.4770368147430524 0.9280041295315595 0.5158965552698741 0.9280041295315595 0.5158965552698741 0.9507396675742249 0.4770368147430524 0.9507396675742249
