0 0.4600870856954198 0.07971388244360487 0.5476747803464077 0.07971388244360487 0.5476747803464077 0.11103005054644963 0.4600870856954198 0.11103005054644963
0 0.1258443888663621 0.13878756318306204 0.5567355763447859 0.13878756318306204 0.5567355763447859 0.16440988253993508 0.1258443888663621 0.16440988253993508
0 0.4097493301488749 0.11316524382618906 0.5959990256710908 0.11316524382618906 0.5959990256710908 0.1373641009965691 0.4097493301488749 0.1373641009965691
0 0.2396077164015534 0.16583334472642794 0.8879580078410508 0.16583334472642794 0.8879580078410508 0.19359085736304038 0.2396077164015534 0.19359085736304038
0 0.1741686341910451 0.19003220189680803 0.5033775554654484 0.19003220189680803 0.5033775554654484 0.22206010109289925 0.1741686341910451 0.22206010109289925
0 0.23759420617969162 0.22348356327939223 0.7077488429844203 0.22348356327939223 0.7077488429844203 0.2505293448227582 0.23759420617969162 0.2505293448227582
0 0.23155367551410622 0.250529344822758 0.828559456296128 0.250529344822758 0.828559456296128 0.2747282019931381 0.23155367551410622 0.2747282019931381
0 0.10973630709146757 0.28896282385806765 0.8950052936175662 0.28896282385806765 0.8950052936175662 0.32312591633389837 0.10973630709146757 0.32312591633389837
0 0.1741686341910451 0.32170245414740534 0.8869512527301199 0.32170245414740534 0.8869512527301199 0.3444778491312925 0.1741686341910451 0.3444778491312925
0 0.16309432797080525 0.3515951600637572 0.701708312318835 0.3515951600637572 0.701708312318835 0.37508228614089073 0.16309432797080525 0.37508228614089073
0 0.23658745106876067 0.37864094160712314 0.8990323140612907 0.37864094160712314 0.8990323140612907 0.3978576811247778 0.23658745106876067 0.3978576811247778
0 0.16913485863639063 0.40141633659101017 0.8919850282847744 0.40141633659101017 0.8919850282847744 0.43202077360060853 0.16913485863639063 0.43202077360060853
0 0.17517538930197601 0.4313090425073621 0.5446545150136151 0.4313090425073621 0.5446545150136151 0.45835482405072814 0.17517538930197601 0.45835482405072814
0 0.2275266550703826 0.4562196307709886 0.8869512527301201 0.4562196307709886 0.8869512527301201 0.4882475299670798 0.2275266550703826 0.4882475299670798
0 0.16611459330359796 0.48895926106032633 0.652377311883221 0.48895926106032633 0.652377311883221 0.5145815804171993 0.16611459330359796 0.5145815804171993
0 0.22853341018131318 0.5110229249509667 0.880910722064533 0.5110229249509667 0.880910722064533 0.5409156308673186 0.22853341018131318 0.5409156308673186
0 0.17618214441290692 0.5430508241470583 0.8889647629519818 0.5430508241470583 0.8889647629519818 0.5722317989701637 0.17618214441290692 0.5722317989701637
0 0.1721551239691831 0.5644027569444523 0.8819174771754644 0.5644027569444523 0.8819174771754644 0.5999893116067759 0.1721551239691831 0.5999893116067759
0 0.2386009612906225 0.5935837317675576 0.8980255589503597 0.5935837317675576 0.8980255589503597 0.6192060511244306 0.2386009612906225 0.6192060511244306
0 0.17114836885825244 0.6220529754974167 0.8960120487284982 0.6220529754974167 0.8960120487284982 0.649810488134029 0.17114836885825244 0.649810488134029
0 0.1721551239691833 0.6533691436002614 0.8406405176272987 0.6533691436002614 0.8406405176272987 0.6789914629571344 0.1721551239691833 0.6789914629571344
0 0.23558069595782982 0.678279731863888 0.8899715180629129 0.678279731863888 0.8899715180629129 0.7010551268477752 0.23558069595782982 0.7010551268477752
0 0.17014161374732154 0.7046137823140074 0.8537283340694004 0.7046137823140074 0.8537283340694004 0.7330830260438663 0.17014161374732154 0.7330830260438663
0 0.23155367551410622 0.726677446204648 0.8859444976191893 0.726677446204648 0.8859444976191893 0.7579936143074929 0.23155367551410622 0.7579936143074929
0 0.17114836885825244 0.7572818832142463 0.25672255328737864 0.7572818832142463 0.25672255328737864 0.7921567067833235 0.17114836885825244 0.7921567067833235
0 0.126851143977293 0.8028326731820203 0.8849377425082583 0.8028326731820203 0.8849377425082583 0.8327253790983722 0.126851143977293 0.8327253790983722
0 0.16410108308173613 0.8305901858186329 0.24866851239993146 0.8305901858186329 0.24866851239993146 0.8590594295484919 0.16410108308173613 0.8590594295484919
0 0.23960771640155312 0.8612124368169378 0.8768837016208099 0.8612124368169378 0.8768837016208099 0.8854112939873171 0.23960771640155312 0.8854112939873171
0 0.16510783819266706 0.8868347561738109 0.8215121705196117 0.8868347561738109 0.8215121705196117 0.918862655369902 0.16510783819266706 0.918862655369902
0 0.47116139191565964 0.9266916973956135 0.5325734536824444 0.9266916973956135 0.5325734536824444 0.9565844033119653 0.47116139191565964 0.9565844033119653
