0 0.45711824974274085 0.07766990291262135 0.5493266520513623 0.07766990291262135 0.5493266520513623 0.10679611650485435 0.45711824974274085 0.10679611650485435
0 0.3884524182363205 0.10263522884882109 0.6258400071585164 0.10263522884882109 0.6258400071585164 0.1400832177531207 0.3884524182363205 0.1400832177531207
0 0.11644522247520021 0.13267896349818864 0.8961860160116674 0.13267896349818864 0.8961860160116674 0.1701926012685864 0.11644522247520021 0.1701926012685864
0 0.15771694689679014 0.1628982828132313 0.9006079864854092 0.1628982828132313 0.9006079864854092 0.19520169311551824 0.15771694689679014 0.19520169311551824
0 0.1562429567388762 0.19520169311551824 0.25794827763493716 0.19520169311551824 0.25794827763493716 0.22542101243056087 0.1562429567388762 0.22542101243056087
0 0.11644522247520021 0.22958919440504955 0.8976600061695814 0.22958919440504955 0.8976600061695814 0.26710283217544734 0.11644522247520021 0.26710283217544734
0 0.15771694689679014 0.26293465020095863 0.49673468321699327 0.26293465020095863 0.49673468321699327 0.291069878528757 0.15771694689679014 0.291069878528757
0 0.22994246463457255 0.29002783303513485 0.6986713348512013 0.29002783303513485 0.6986713348512013 0.3202471523501774 0.22994246463457255 0.3202471523501774
0 0.2240465040029168 0.3150369248820667 0.9035559668012371 0.3150369248820667 0.9035559668012371 0.3483823806779758 0.2240465040029168 0.3483823806779758
0 0.16950886816010155 0.34838238067797583 0.8829201045904421 0.34838238067797583 0.8829201045904421 0.37651760900577413 0.16950886816010155 0.37651760900577413
0 0.23141645479248646 0.37443351801852987 0.8888160652220978 0.37443351801852987 0.8888160652220978 0.4025687463463281 0.23141645479248646 0.4025687463463281
0 0.16213891737053193 0.3994426098654617 0.4348270965846085 0.3994426098654617 0.4348270965846085 0.4307039746741265 0.16213891737053193 0.4307039746741265
0 0.27711014968781816 0.4296619291805042 0.8917640455379255 0.4296619291805042 0.8917640455379255 0.45779715750830263 0.27711014968781816 0.45779715750830263
0 0.3360697560043753 0.4557130665210583 0.6161278860080214 0.4557130665210583 0.6161278860080214 0.4848903403424788 0.3360697560043753 0.4848903403424788
0 0.28153212016156 0.4828062493552345 0.8947120258537534 0.4828062493552345 0.8947120258537534 0.513025568670277 0.28153212016156 0.513025568670277
0 0.3390177363202031 0.5109414776830328 0.8873420750641839 0.5109414776830328 0.8873420750641839 0.5411607969980754 0.3390177363202031 0.5411607969980754
0 0.32427783474106386 0.5338664785427203 0.8932380356958394 0.5338664785427203 0.8932380356958394 0.5734642073003625 0.32427783474106386 0.5734642073003625
0 0.32869980521480563 0.5672119343386295 0.6515036497979556 0.5672119343386295 0.6515036497979556 0.5984732991472942 0.32869980521480563 0.5984732991472942
0 0.28595409063530175 0.5984732991472942 0.8991339963274952 0.5984732991472942 0.8991339963274952 0.6266085274750925 0.28595409063530175 0.6266085274750925
0 0.33164778553063345 0.6182721635261152 0.8932380356958396 0.6182721635261152 0.8932380356958396 0.6526596648156466 0.33164778553063345 0.6526596648156466
0 0.3301737953727195 0.6495335283347802 0.5674862107968617 0.6495335283347802 0.5674862107968617 0.6818369386370671 0.3301737953727195 0.6818369386370671
0 0.29037606110904357 0.6797528476498227 0.8858680849062699 0.6797528476498227 0.8858680849062699 0.7047619394967546 0.29037606110904357 0.7047619394967546
0 0.343439706793945 0.7016358030158881 0.8829201045904421 0.7016358030158881 0.8829201045904421 0.732897167824553 0.343439706793945 0.732897167824553
0 0.3301737953727195 0.732897167824553 0.841648380168852 0.732897167824553 0.841648380168852 0.7631164871395957 0.3301737953727195 0.7631164871395957
0 0.2918500512669575 0.7610323961523513 0.8932380356958394 0.7610323961523513 0.8932380356958394 0.7870835334929054 0.2918500512669575 0.7870835334929054
0 0.33459576584646133 0.7881255789865276 0.5188445355857021 0.7881255789865276 0.5188445355857021 0.8110505798462151 0.33459576584646133 0.8110505798462151
0 0.41713921468964127 0.8145159021352554 0.8917640455379255 0.8145159021352554 0.8917640455379255 0.8457772669439203 0.41713921468964127 0.8457772669439203
0 0.3596535985309981 0.8468193124375425 0.8888160652220978 0.8468193124375425 0.8888160652220978 0.8718284042844744 0.3596535985309981 0.8718284042844744
0 0.4775728111641122 0.9260147699528267 0.5262144863752718 0.9260147699528267 0.5262144863752718 0.9551920437742472 0.4775728111641122 0.9551920437742472
