0 0.3350807769664817 0.08021011569269029 0.8902710485091403 0.08021011569269029 0.8902710485091403 0.11336363017900229 0.3350807769664817 0.11336363017900229
0 0.33281160691930545 0.11015522555129467 0.5143452106934712 0.11015522555129467 0.5143452106934712 0.14330874003760666 0.33281160691930545 0.14330874003760666
0 0.2821334758656833 0.13796139899142726 0.8932966085720433 0.13796139899142726 0.8932966085720433 0.17111491347773922 0.2821334758656833 0.17111491347773922
0 0.33508077696648286 0.16309390190847028 0.5355241311337904 0.16309390190847028 0.5355241311337904 0.19624741639478221 0.33508077696648286 0.19624741639478221
0 0.2269170047177078 0.19196954355783885 0.8880018784619632 0.19196954355783885 0.8880018784619632 0.22512305804415078 0.2269170047177078 0.22512305804415078
0 0.16943136352255533 0.22031045110258948 0.45534678946686713 0.22031045110258948 0.45534678946686713 0.2534639655889015 0.16943136352255533 0.2534639655889015
0 0.12253518254756218 0.26469338178587803 0.8917838285405915 0.26469338178587803 0.8917838285405915 0.2951732257491004 0.12253518254756218 0.2951732257491004
0 0.17850804371126341 0.2924995552260106 0.8834635383676089 0.2924995552260106 0.8834635383676089 0.3213751968753791 0.17850804371126341 0.3213751968753791
0 0.1724569235854579 0.31923626045690745 0.7238652450494875 0.31923626045690745 0.7238652450494875 0.3454382315831862 0.1724569235854579 0.3454382315831862
0 0.2397756349850445 0.3438340292693325 0.8940529985877685 0.3438340292693325 0.8940529985877685 0.3759180755464086 0.2397756349850445 0.3759180755464086
0 0.17396970361690925 0.37377913912793675 0.8872454884462372 0.37377913912793675 0.8872454884462372 0.4069326536142488 0.17396970361690925 0.4069326536142488
0 0.15884190330239542 0.4026547807773054 0.42433479882211345 0.4026547807773054 0.42433479882211345 0.4267178154851125 0.15884190330239542 0.4267178154851125
0 0.23069895479633618 0.4283220177989663 0.8910274385248657 0.4283220177989663 0.8910274385248657 0.4561281912390989 0.23069895479633618 0.4561281912390989
0 0.17472609363263497 0.4593365958668065 0.3350807769664817 0.4593365958668065 0.3350807769664817 0.4791217577376701 0.17472609363263497 0.4791217577376701
0 0.11497128239030525 0.5015805901316234 0.8895146584934143 0.5015805901316234 0.8895146584934143 0.5283172953625201 0.11497128239030525 0.5283172953625201
0 0.17472609363263497 0.5304562317809919 0.8925402185563169 0.5304562317809919 0.8925402185563169 0.5561234688026528 0.17472609363263497 0.5561234688026528
0 0.1694313635225551 0.5587971393257425 0.8917838285405915 0.5587971393257425 0.8917838285405915 0.5844643763474033 0.1694313635225551 0.5844643763474033
0 0.16338024339674956 0.5839296422427854 0.8887582684776887 0.5839296422427854 0.8887582684776887 0.6112010815783002 0.16338024339674956 0.6112010815783002
0 0.17548248364836067 0.6149442203106258 0.872874078147449 0.6149442203106258 0.872874078147449 0.6347293821814894 0.17548248364836067 0.6347293821814894
0 0.12329157256328786 0.6582576827846786 0.8834635383676089 0.6582576827846786 0.8834635383676089 0.6844596539109574 0.12329157256328786 0.6844596539109574
0 0.16564941344392664 0.6887375267479008 0.8925402185563172 0.6887375267479008 0.8925402185563172 0.7106616250372363 0.16564941344392664 0.7106616250372363
0 0.16716219347537803 0.7138700296649438 0.4288731389164677 0.7138700296649438 0.4288731389164677 0.7357941279542792 0.16716219347537803 0.7357941279542792
0 0.2284297847491591 0.7395372666866051 0.8887582684776887 0.7395372666866051 0.8887582684776887 0.7694823765452095 0.2284297847491591 0.7694823765452095
0 0.17094414355400653 0.7668087060221196 0.813875656920845 0.7668087060221196 0.813875656920845 0.7946148794622522 0.17094414355400653 0.7946148794622522
0 0.2291861747648848 0.7951496135668701 0.888001878461963 0.7951496135668701 0.888001878461963 0.8181431800654411 0.2291861747648848 0.8181431800654411
0 0.17548248364836067 0.8165389777515873 0.339619117060836 0.8165389777515873 0.339619117060836 0.8486230240286634 0.17548248364836067 0.8486230240286634
0 0.4833332200487175 0.9250900009890282 0.5166143807406479 0.9250900009890282 0.5166143807406479 0.9561045790568686 0.4833332200487175 0.9561045790568686
