0 0.22954006532146212 0.07905686546463248 0.9005033331841974 0.07905686546463248 0.9005033331841974 0.1123439667128988 0.22954006532146212 0.1123439667128988
0 0.170683638315959 0.10957004160887657 0.7533622656704397 0.10957004160887657 0.7533622656704397 0.13869625520110956 0.170683638315959 0.13869625520110956
0 0.23150194622164552 0.13730929264909847 0.8906939286832803 0.13730929264909847 0.8906939286832803 0.16227461858529824 0.23150194622164552 0.16227461858529824
0 0.170683638315959 0.1636615811373093 0.4885083441456758 0.1636615811373093 0.4885083441456758 0.1941747572815534 0.170683638315959 0.1941747572815534
0 0.29428213502751555 0.19694868238557559 0.9044270949845644 0.19694868238557559 0.9044270949845644 0.22191400832177532 0.29428213502751555 0.22191400832177532
0 0.3295959912308174 0.21497919556171982 0.672925148762919 0.21497919556171982 0.672925148762919 0.24549237170596394 0.3295959912308174 0.24549237170596394
0 0.29035837322714864 0.24687933425797504 0.8828464050825467 0.24687933425797504 0.8828464050825467 0.27323162274618584 0.29035837322714864 0.27323162274618584
0 0.33744351483155116 0.27739251040221913 0.8946176904836474 0.27739251040221913 0.8946176904836474 0.30097087378640774 0.33744351483155116 0.30097087378640774
0 0.33155787213100085 0.29958391123439665 0.5493266520513623 0.29958391123439665 0.5493266520513623 0.3300970873786408 0.33155787213100085 0.3300970873786408
0 0.2766252069258646 0.3287101248266297 0.8926558095834638 0.3287101248266297 0.8926558095834638 0.35644937586685155 0.2766252069258646 0.35644937586685155
0 0.3335197530311842 0.35922330097087385 0.8946176904836471 0.35922330097087385 0.8946176904836471 0.38696255201109575 0.3335197530311842 0.38696255201109575
0 0.3335197530311841 0.38696255201109586 0.8965795713838306 0.38696255201109586 0.8965795713838306 0.41470180305131776 0.3335197530311841 0.41470180305131776
0 0.33744351483155116 0.41470180305131765 0.8946176904836474 0.41470180305131765 0.8946176904836474 0.44382801664355065 0.33744351483155116 0.44382801664355065
0 0.341367276631918 0.44105409153952846 0.6650776251621852 0.44105409153952846 0.6650776251621852 0.4701803051317614 0.341367276631918 0.4701803051317614
0 0.22757818442127867 0.47018030513176146 0.8926558095834638 0.47018030513176146 0.8926558095834638 0.4965325936199723 0.22757818442127867 0.4965325936199723
0 0.1726455192161424 0.49375866851595007 0.8926558095834638 0.49375866851595007 0.8926558095834638 0.5298196948682387 0.1726455192161424 0.5298196948682387
0 0.1667598765155921 0.5201109570041609 0.4002237036374211 0.5201109570041609 0.4002237036374211 0.5492371705963939 0.1667598765155921 0.5492371705963939
0 0.23150194622164552 0.5520110957004161 0.8887320477830969 0.5520110957004161 0.8887320477830969 0.5783633841886269 0.23150194622164552 0.5783633841886269
0 0.16283611471522527 0.5811373092926491 0.8906939286832803 0.5811373092926491 0.8906939286832803 0.6061026352288489 0.16283611471522527 0.6061026352288489
0 0.16087423381504182 0.6102635228848821 0.33155787213100085 0.6102635228848821 0.33155787213100085 0.6435506241331485 0.16087423381504182 0.6435506241331485
0 0.11967473491118963 0.6490984743411929 0.9005033331841974 0.6490984743411929 0.9005033331841974 0.680998613037448 0.11967473491118963 0.680998613037448
0 0.1491029484139412 0.6754507628294035 0.8985414522840139 0.6754507628294035 0.8985414522840139 0.7128987517337031 0.1491029484139412 0.7128987517337031
0 0.1647979956154087 0.7031900138696255 0.8887320477830968 0.7031900138696255 0.8887320477830968 0.7323162274618584 0.1647979956154087 0.7323162274618584
0 0.1726455192161424 0.7309292649098473 0.29428213502751555 0.7309292649098473 0.29428213502751555 0.7558945908460472 0.1726455192161424 0.7558945908460472
0 0.24327323162274617 0.7586685159500693 0.8848082859827298 0.7586685159500693 0.8848082859827298 0.7905686546463244 0.24327323162274617 0.7905686546463244
0 0.1667598765155921 0.7864077669902911 0.8965795713838304 0.7864077669902911 0.8965795713838304 0.8169209431345353 0.1667598765155921 0.8169209431345353
0 0.1726455192161424 0.8196948682385575 0.8926558095834638 0.8196948682385575 0.8926558095834638 0.8418862690707349 0.1726455192161424 0.8418862690707349
0 0.1746074001163259 0.8404993065187241 0.8887320477830968 0.8404993065187241 0.8887320477830968 0.8668515950069348 0.1746074001163259 0.8668515950069348
0 0.47085141604402486 0.926490984743412 0.5159746767482439 0.926490984743412 0.5159746767482439 0.9528432732316228 0.47085141604402486 0.9528432732316228
