0 0.2225725138450029 0.07815341202166202 0.8917640455379254 0.07815341202166202 0.8917640455379254 0.11358295880481546 0.2225725138450029 0.11358295880481546
0 0.16656088784427367 0.11462500429843762 0.3979773426367602 0.11462500429843762 0.3979773426367602 0.13859205065174732 0.16656088784427367 0.13859205065174732
0 0.22846847447665863 0.12921364120914786 0.8976600061695812 0.12921364120914786 0.8976600061695812 0.1646431879923013 0.22846847447665863 0.1646431879923013
0 0.2299424646345725 0.1875681888519888 0.899133996327495 0.1875681888519888 0.899133996327495 0.22299773563514225 0.2299424646345725 0.22299773563514225
0 0.16656088784427373 0.16151705151143467 0.33606975600437505 0.16151705151143467 0.33606975600437505 0.19694659829458802 0.16656088784427373 0.19694659829458802
0 0.16213891737053202 0.215703417179787 0.8858680849062702 0.215703417179787 0.8858680849062702 0.2511329639629404 0.16213891737053202 0.2511329639629404
0 0.8387003998530241 0.2323761450777417 0.8873420750641839 0.2323761450777417 0.8873420750641839 0.23341819057136387 0.8387003998530241 0.23341819057136387
0 0.16656088784427364 0.24592273649482985 0.8902900553800112 0.24592273649482985 0.8902900553800112 0.2813522832779833 0.16656088784427364 0.2813522832779833
0 0.16066492721261816 0.26884773735451695 0.24173438589788404 0.26884773735451695 0.24173438589788404 0.30427728413767036 0.16066492721261816 0.30427728413767036
0 0.10760128152771666 0.3178238755547585 0.8902900553800116 0.3178238755547585 0.8902900553800116 0.35325342233791185 0.10760128152771666 0.35325342233791185
0 0.16803487800218753 0.3720102412231111 0.896186016011667 0.3720102412231111 0.896186016011667 0.40743978800626446 0.16803487800218753 0.40743978800626446
0 0.16803487800218744 0.3459591038825569 0.8947120258537534 0.3459591038825569 0.8947120258537534 0.38138865066571037 0.16803487800218744 0.38138865066571037
0 0.16803487800218753 0.4001454695509094 0.896186016011667 0.4001454695509094 0.896186016011667 0.43557501633406276 0.16803487800218753 0.43557501633406276
0 0.16508689768635965 0.4282806978787077 0.8932380356958391 0.4282806978787077 0.8932380356958391 0.4637102446618611 0.16508689768635965 0.4637102446618611
0 0.1680348780021874 0.45641592620650595 0.6205498564817626 0.45641592620650595 0.6205498564817626 0.4918454729896593 0.1680348780021874 0.4918454729896593
0 0.22699448431874453 0.48246706354705965 0.8858680849062693 0.48246706354705965 0.8858680849062693 0.5178966103302131 0.22699448431874453 0.5178966103302131
0 0.16950886816010147 0.5095602463812361 0.8976600061695811 0.5095602463812361 0.8976600061695811 0.5449897931643894 0.16950886816010147 0.5449897931643894
0 0.16361290752844573 0.5376954747090346 0.8917640455379252 0.5376954747090346 0.8917640455379252 0.5731250214921879 0.16361290752844573 0.5731250214921879
0 0.1606649272126179 0.5627045665559662 0.8888160652220973 0.5627045665559662 0.8888160652220973 0.5981341133391196 0.1606649272126179 0.5981341133391196
0 0.1532949764230483 0.5908397948837641 0.27416216937199 0.5908397948837641 0.27416216937199 0.6262693416669175 0.1532949764230483 0.6262693416669175
0 0.23865240647679098 0.622006428283916 0.9011439829064648 0.622006428283916 0.9011439829064648 0.6574359750670692 0.23865240647679098 0.6574359750670692
0 0.16629288963374372 0.6485312226670279 0.8944440276432231 0.6485312226670279 0.8944440276432231 0.6839607694501812 0.16629288963374372 0.6839607694501812
0 0.1703128627916907 0.6741087029650262 0.8984640008011703 0.6741087029650262 0.8984640008011703 0.7095382497481796 0.1703128627916907 0.7095382497481796
0 0.15959293437049796 0.6996861832630203 0.5500663271124239 0.6996861832630203 0.5500663271124239 0.7351157300461734 0.15959293437049796 0.7351157300461734
0 0.23329244226619494 0.7281056058163551 0.9105239202750096 0.7281056058163551 0.9105239202750096 0.7635351525995084 0.23329244226619494 0.7635351525995084
0 0.16495289858109394 0.7536830861143493 0.5715061839548083 0.7536830861143493 0.5715061839548083 0.7891126328975024 0.16495289858109394 0.7891126328975024
0 0.22659248700294965 0.7821025086676816 0.9038239650117644 0.7821025086676816 0.9038239650117644 0.817532055450835 0.22659248700294965 0.817532055450835
0 0.1676328806863927 0.8124165593912402 0.8957840186958721 0.8124165593912402 0.8957840186958721 0.8478461061743937 0.1676328806863927 0.8478461061743937
0 0.1569129522651997 0.8408359819445649 0.5246064971120926 0.8408359819445649 0.5246064971120926 0.876265528727718 0.1569129522651997 0.876265528727718
0 0.46363690421656223 0.9308460717868929 0.5266164836910663 0.9308460717868929 0.5266164836910663 0.9621074365955576 0.46363690421656223 0.9621074365955576
