0 0.44487702947947594 0.08052169723443962 0.5587762689546429 0.08052169723443962 0.5587762689546429 0.10799380570266022 0.44487702947947594 0.10799380570266022
0 0.3792174678996737 0.11273037612821547 0.6324757768503392 0.11273037612821547 0.6324757768503392 0.139255170511325 0.3792174678996737 0.139255170511325
0 0.12193918579106117 0.13546591417088077 0.897794005274846 0.13546591417088077 0.897794005274846 0.16388533672421246 0.12193918579106117 0.16388533672421246
0 0.168838872633777 0.16767459306465665 0.5962960184288156 0.16767459306465665 0.5962960184288156 0.190410131107322 0.168838872633777 0.190410131107322
0 0.23851840737152624 0.1923047592775441 0.8910940500116009 0.1923047592775441 0.8910940500116009 0.21788223957554254 0.23851840737152624 0.21788223957554254
0 0.17017886368642599 0.22356612408620888 0.5761961526390801 0.22356612408620888 0.5761961526390801 0.2463016621288742 0.17017886368642599 0.2463016621288742
0 0.23851840737152624 0.2481962902990963 0.8937740321168989 0.2481962902990963 0.8937740321168989 0.2728264565119837 0.23851840737152624 0.2728264565119837
0 0.17151885473907505 0.27566839876731686 0.44755701158477396 0.27566839876731686 0.44755701158477396 0.30124587906531536 0.17151885473907505 0.30124587906531536
0 0.2331584431609301 0.3059824494908706 0.8817141126430577 0.3059824494908706 0.8817141126430577 0.3325072438739801 0.2331584431609301 0.3325072438739801
0 0.17151885473907505 0.3334545579590912 0.2921180494774872 0.3334545579590912 0.2921180494774872 0.35619009600175655 0.17151885473907505 0.35619009600175655
0 0.2331584431609301 0.35903203825708974 0.8870740768536536 0.35903203825708974 0.8870740768536536 0.38460951855508824 0.2331584431609301 0.38460951855508824
0 0.18223878316026723 0.3865041467253103 0.8884140679063028 0.3865041467253103 0.8884140679063028 0.41302894110841987 0.18223878316026723 0.41302894110841987
0 0.1741988368443731 0.4149235692786419 0.4207571905317935 0.4149235692786419 0.4207571905317935 0.4423956777468625 0.1741988368443731 0.4423956777468625
0 0.2371784163188772 0.4414483636617513 0.8843940947483557 0.4414483636617513 0.8843940947483557 0.46986778621508285 0.2371784163188772 0.46986778621508285
0 0.17553882789702213 0.4746043566406383 0.8482143363268321 0.4746043566406383 0.8482143363268321 0.4954452665130816 0.17553882789702213 0.4954452665130816
0 0.282738112108944 0.4992345228535255 0.7369950789569631 0.4992345228535255 0.7369950789569631 0.522917374981302 0.282738112108944 0.522917374981302
0 0.2921180494774872 0.5238646890664131 0.8897540589589521 0.5238646890664131 0.8897540589589521 0.5484948552793006 0.2921180494774872 0.5484948552793006
0 0.33633775421490497 0.555126053875078 0.39797734263676016 0.555126053875078 0.39797734263676016 0.5778615919177433 0.33633775421490497 0.5778615919177433
0 0.2867580852668911 0.5797562200879653 0.8897540589589519 0.5797562200879653 0.8897540589589519 0.6015444440455195 0.2867580852668911 0.6015444440455195
0 0.3416977184255011 0.608175642641297 0.8843940947483557 0.608175642641297 0.8843940947483557 0.6328058088541844 0.3416977184255011 0.6328058088541844
0 0.3430377094781501 0.6375423792797398 0.5440363673755039 0.6375423792797398 0.5440363673755039 0.6612252314075162 0.3430377094781501 0.6612252314075162
0 0.2867580852668911 0.6646508138706867 0.5279564747437154 0.6646508138706867 0.5279564747437154 0.6930702364240182 0.2867580852668911 0.6930702364240182
0 0.23851840737152624 0.6845444096580187 0.8937740321168989 0.6845444096580187 0.8937740321168989 0.7148584603815723 0.23851840737152624 0.7148584603815723
0 0.17017886368642599 0.7214896589773497 0.5775361436917292 0.7214896589773497 0.5775361436917292 0.7470671392753482 0.17017886368642599 0.7470671392753482
0 0.2880980763195401 0.7461198251902372 0.8870740768536536 0.7461198251902372 0.8870740768536536 0.7688553632329025 0.2880980763195401 0.7688553632329025
0 0.33499776316225577 0.7735919336584577 0.8843940947483555 0.7735919336584577 0.8843940947483555 0.797274785786234 0.33499776316225577 0.797274785786234
0 0.3443777005307991 0.7982220998713453 0.8843940947483557 0.7982220998713453 0.8843940947483557 0.8247468942544547 0.3443777005307991 0.8247468942544547
0 0.3309777900043089 0.8247468942544548 0.8870740768536536 0.8247468942544548 0.8870740768536536 0.8493770604673422 0.3309777900043089 0.8493770604673422
0 0.3215978526357657 0.8550609449780086 0.842854372116236 0.8550609449780086 0.842854372116236 0.8777964830206737 0.3215978526357657 0.8777964830206737
0 0.4716768505324563 0.9308460717868923 0.5239365015857681 0.9308460717868923 0.5239365015857681 0.9497923534891136 0.4716768505324563 0.9497923534891136
