0 0.28536449457213625 0.08023750300890635 0.9112207156223897 0.08023750300890635 0.9112207156223897 0.11347875425545327 0.28536449457213625 0.11347875425545327
0 0.3258992239147693 0.11004000412650013 0.7231395714725724 0.11004000412650013 0.7231395714725724 0.13525750507215645 0.3258992239147693 0.13525750507215645
0 0.28536449457213625 0.14098875528707833 0.8966282130590417 0.14098875528707833 0.8966282130590417 0.1684987563187033 0.28536449457213625 0.1684987563187033
0 0.32265644556735856 0.16735250627571896 0.8901426563642204 0.16735250627571896 0.8901426563642204 0.1925700072213752 0.32265644556735856 0.1925700072213752
0 0.33562755895700114 0.19371625726435965 0.45236757946378414 0.19371625726435965 0.45236757946378414 0.22351875838195343 0.33562755895700114 0.22351875838195343
0 0.22699448431874478 0.2154950080810628 0.8901426563642206 0.2154950080810628 0.8901426563642206 0.24759000928462535 0.22699448431874478 0.24759000928462535
0 0.16051752819682666 0.24644375924164097 0.8933854347116312 0.24644375924164097 0.8933854347116312 0.27853876044520354 0.16051752819682666 0.27853876044520354
0 0.16538169571794265 0.2751000103162504 0.8463651486741768 0.2751000103162504 0.8463651486741768 0.30146376130489105 0.16538169571794265 0.30146376130489105
0 0.21564476010280753 0.3037562613908598 0.8868998780168098 0.3037562613908598 0.8868998780168098 0.3278275122935317 0.21564476010280753 0.3278275122935317
0 0.1588961390231213 0.3266812622505473 0.7798881925522587 0.3266812622505473 0.7798881925522587 0.3645075136690317 0.1588961390231213 0.3645075136690317
0 0.2302372626661554 0.35533751332515673 0.8966282130590417 0.35533751332515673 0.8966282130590417 0.39545626482960994 0.2302372626661554 0.39545626482960994
0 0.1588961390231213 0.38284751435678177 0.4734456387219533 0.38284751435678177 0.4734456387219533 0.4172350156463131 0.1588961390231213 0.4172350156463131
0 0.23510143018727134 0.4126500154743755 0.8917640455379258 0.4126500154743755 0.8917640455379258 0.44359876663495373 0.23510143018727134 0.44359876663495373
0 0.16538169571794265 0.44474501667793803 0.8771715429745779 0.44474501667793803 0.8771715429745779 0.46881626758061 0.16538169571794265 0.46881626758061
0 0.22537309514503942 0.47225501770956313 0.8739287646271671 0.47225501770956313 0.8739287646271671 0.49174126844029753 0.22537309514503942 0.49174126844029753
0 0.23510143018727134 0.49976501874118817 0.883657099669399 0.49976501874118817 0.883657099669399 0.5226900196008758 0.23510143018727134 0.5226900196008758
0 0.16538169571794265 0.5215437695578913 0.8950068238853364 0.5215437695578913 0.8950068238853364 0.5502000206325007 0.16538169571794265 0.5502000206325007
0 0.16051752819682663 0.5490537705895163 0.2578008786191458 0.5490537705895163 0.2578008786191458 0.5800025217500945 0.16051752819682663 0.5800025217500945
0 0.23672281936097664 0.5765637716211414 0.8901426563642206 0.5765637716211414 0.8901426563642206 0.6040737726527663 0.23672281936097664 0.6040737726527663
0 0.1670030848916479 0.6052200226957508 0.4458820227689629 0.6052200226957508 0.4458820227689629 0.6292912735984227 0.1670030848916479 0.6292912735984227
0 0.233480041013566 0.6315837736843914 0.8885212671905152 0.6315837736843914 0.8885212671905152 0.6602400247590008 0.233480041013566 0.6602400247590008
0 0.16213891737053196 0.6671175250169072 0.43291090937932036 0.6671175250169072 0.43291090937932036 0.6911887759195791 0.16213891737053196 0.6911887759195791
0 0.116740020506783 0.7026512763494227 0.8820357104956938 0.7026512763494227 0.8820357104956938 0.7370387776389539 0.116740020506783 0.7370387776389539
0 0.1686244740653532 0.7317774899416559 0.7377320740359203 0.7317774899416559 0.7377320740359203 0.7661649912311872 0.1686244740653532 0.7661649912311872
0 0.21726614927651294 0.7604337410162653 0.8998709914064525 0.7604337410162653 0.8998709914064525 0.7902362421338591 0.21726614927651294 0.7902362421338591
0 0.1686244740653532 0.7879437420478904 0.28050032705102024 0.7879437420478904 0.28050032705102024 0.814307493036531 0.1686244740653532 0.814307493036531
0 0.23510143018727134 0.8177462431654842 0.8917640455379258 0.8177462431654842 0.8917640455379258 0.8464024942400936 0.23510143018727134 0.8464024942400936
0 0.16376030654423726 0.8429637441111403 0.5982926050972629 0.8429637441111403 0.5982926050972629 0.875058745314703 0.16376030654423726 0.875058745314703
0 0.13133252307013088 0.8945449960454372 0.3242778347410639 0.8945449960454372 0.3242778347410639 0.9209087470340779 0.13133252307013088 0.9209087470340779
0 0.47668841706936393 0.9266399972489999 0.5269514814542289 0.9266399972489999 0.5269514814542289 0.9552962483236094 0.47668841706936393 0.9552962483236094
