0 0.09774277398858057 0.0970873786407767 0.8517584590433449 0.0970873786407767 0.8517584590433449 0.15395284327323164 0.09774277398858057 0.15395284327323164
0 0.09175852251989197 0.21497919556171985 0.4348556067247053 0.21497919556171985 0.4348556067247053 0.2552011095700416 0.09175852251989197 0.2552011095700416
0 0.7061416733052555 0.1955617198335645 0.8557479600224707 0.1955617198335645 0.8557479600224707 0.2343966712898752 0.7061416733052555 0.2343966712898752
0 0.7041469228156924 0.23578363384188628 0.9016272212824163 0.23578363384188628 0.9016272212824163 0.28294036061026356 0.7041469228156924 0.28294036061026356
0 0.714120675263507 0.30235783633841884 0.8697112134494107 0.30235783633841884 0.8697112134494107 0.34535367545076284 0.714120675263507 0.34535367545076284
0 0.7101311742843812 0.35367545076282947 0.8697112134494107 0.35367545076282947 0.8697112134494107 0.3980582524271845 0.7101311742843812 0.3980582524271845
0 0.7041469228156926 0.4188626907073508 0.8697112134494107 0.4188626907073508 0.8697112134494107 0.4646324549237171 0.7041469228156926 0.4646324549237171
0 0.7021521723261297 0.4660194174757282 0.8517584590433449 0.4660194174757282 0.8517584590433449 0.507628294036061 0.7021521723261297 0.507628294036061
0 0.6961679208574412 0.5381414701803051 0.8776902154076622 0.5381414701803051 0.8776902154076622 0.578363384188627 0.6961679208574412 0.578363384188627
0 0.7101311742843812 0.5783633841886269 0.849763708553782 0.5783633841886269 0.849763708553782 0.6171983356449375 0.7101311742843812 0.6171983356449375
0 0.7081364237948183 0.6421636615811372 0.8916534688346024 0.6421636615811372 0.8916534688346024 0.6879334257975034 0.7081364237948183 0.6879334257975034
0 0.7101311742843812 0.6920943134535368 0.8936482193241652 0.6920943134535368 0.8936482193241652 0.7350901525658806 0.7101311742843812 0.7350901525658806
0 0.1017322749677063 0.6671289875173371 0.3869815949751966 0.6671289875173371 0.3869815949751966 0.7073509015256589 0.1017322749677063 0.7073509015256589
0 0.09375327300945482 0.5533980582524272 0.4308661057455796 0.5533980582524272 0.4308661057455796 0.6019417475728156 0.09375327300945482 0.6019417475728156
0 0.0817847700720776 0.435506241331484 0.36304458910044207 0.435506241331484 0.36304458910044207 0.48959778085991673 0.0817847700720776 0.48959778085991673
0 0.08377952056164048 0.3300970873786408 0.365039339590005 0.3300970873786408 0.365039339590005 0.3800277392510402 0.08377952056164048 0.3800277392510402
0 0.4807348679846513 0.9001386962552013 0.5525458856089146 0.9001386962552013 0.5525458856089146 0.9320388349514565 0.4807348679846513 0.9320388349514565
