0 0.32763411033063394 0.06657420249653259 0.8926558095834638 0.06657420249653259 0.8926558095834638 0.11511789181692095 0.32763411033063394 0.11511789181692095
0 0.3237103485302669 0.10402219140083217 0.8887320477830966 0.10402219140083217 0.8887320477830966 0.1428571428571429 0.3237103485302669 0.1428571428571429
0 0.29035837322714847 0.13037447988904285 0.89657957138383 0.13037447988904285 0.89657957138383 0.16920943134535357 0.29035837322714847 0.16920943134535357
0 0.32959599123081723 0.16227461858529824 0.894617690483647 0.16227461858529824 0.894617690483647 0.20110957004160893 0.32959599123081723 0.20110957004160893
0 0.32959599123081723 0.18862690707350901 0.894617690483647 0.18862690707350901 0.894617690483647 0.22746185852981973 0.32959599123081723 0.22746185852981973
0 0.3276341103306338 0.21497919556171982 0.8926558095834634 0.21497919556171982 0.8926558095834634 0.2538141470180305 0.3276341103306338 0.2538141470180305
0 0.32959599123081723 0.24271844660194175 0.894617690483647 0.24271844660194175 0.894617690483647 0.28155339805825247 0.32959599123081723 0.28155339805825247
0 0.3217484676300833 0.26907073509015217 0.7023533622656701 0.26907073509015217 0.7023533622656701 0.30790568654646283 0.3217484676300833 0.30790568654646283
0 0.278587087826048 0.2981969486823856 0.9005033331841974 0.2981969486823856 0.9005033331841974 0.33425797503467414 0.278587087826048 0.33425797503467414
0 0.3237103485302671 0.3217753120665742 0.8279137398774105 0.3217753120665742 0.8279137398774105 0.35922330097087385 0.3237103485302671 0.35922330097087385
0 0.23346382712182895 0.3578363384188627 0.8965795713838304 0.3578363384188627 0.8965795713838304 0.3897364771151179 0.23346382712182895 0.3897364771151179
0 0.16283611471522527 0.37725381414701803 0.902465214084381 0.37725381414701803 0.902465214084381 0.41331484049930656 0.16283611471522527 0.41331484049930656
0 0.16283611471522527 0.41470180305131765 0.7631716701713568 0.41470180305131765 0.7631716701713568 0.4452149791955618 0.16283611471522527 0.4452149791955618
